<p><!--
QBlastInfoBegin
	Status=READY
QBlastInfoEnd
--><p>
<PRE>
# blastn
# Iteration: 0
# Query: PARP12_F
# RID: BB04ERFB014
# Database: refseq_rna
# Fields: query acc.ver, subject acc.ver, % identity, alignment length, mismatches, gap opens, q. start, q. end, s. start, s. end, evalue, bit score
# 50 hits found
PARP12_F	NR_130117.2	100.000	19	0	0	1	19	1375	1393	0.061	35.6
PARP12_F	XM_047420742.1	100.000	19	0	0	1	19	1375	1393	0.061	35.6
PARP12_F	XM_054358837.1	100.000	19	0	0	1	19	1622	1640	0.061	35.6
PARP12_F	NM_022750.4	100.000	19	0	0	1	19	1517	1535	0.061	35.6
PARP12_F	XM_047420739.1	100.000	19	0	0	1	19	1622	1640	0.061	35.6
PARP12_F	XM_054358838.1	100.000	19	0	0	1	19	1517	1535	0.061	35.6
PARP12_F	XM_047420741.1	100.000	19	0	0	1	19	1517	1535	0.061	35.6
PARP12_F	XR_007085558.1	94.118	17	1	0	1	17	29846	29830	32	27.4
PARP12_F	XM_054346295.1	100.000	14	0	0	1	14	8069	8082	32	26.5
PARP12_F	NM_001098414.3	100.000	14	0	0	1	14	7961	7974	32	26.5
PARP12_F	XM_054346296.1	100.000	14	0	0	1	14	7833	7846	32	26.5
PARP12_F	XM_006713114.5	100.000	14	0	0	1	14	7915	7928	32	26.5
PARP12_F	XR_007080763.1	89.474	19	2	0	1	19	245	263	32	26.5
PARP12_F	XM_054346294.1	100.000	14	0	0	1	14	9368	9381	32	26.5
PARP12_F	XM_017006226.3	100.000	14	0	0	1	14	7834	7847	32	26.5
PARP12_F	NM_001287245.2	100.000	14	0	0	1	14	2118	2131	32	26.5
PARP12_F	XR_930765.3	89.474	19	2	0	1	19	152	170	32	26.5
PARP12_F	NM_198484.5	100.000	14	0	0	1	14	8197	8210	32	26.5
PARP12_F	XR_001741433.2	100.000	14	0	0	6	19	741	754	32	26.5
PARP12_F	XM_005265079.5	100.000	14	0	0	1	14	8151	8164	32	26.5
PARP12_F	XM_054346292.1	100.000	14	0	0	1	14	8150	8163	32	26.5
PARP12_F	XM_011533610.4	100.000	14	0	0	1	14	9361	9374	32	26.5
PARP12_F	XM_054346293.1	100.000	14	0	0	1	14	7914	7927	32	26.5
PARP12_F	XM_005265080.5	100.000	14	0	0	1	14	8070	8083	32	26.5
PARP12_F	XM_017001253.2	93.750	16	1	0	3	18	4477	4492	111	25.6
PARP12_F	XM_054359285.1	93.750	16	1	0	3	18	3847	3832	111	25.6
PARP12_F	XR_007073508.1	93.750	16	1	0	3	18	6349	6364	111	25.6
PARP12_F	XM_054367652.1	93.750	16	1	0	2	17	777	762	111	25.6
PARP12_F	NR_174514.1	93.750	16	1	0	2	17	777	762	111	25.6
PARP12_F	XR_007065451.1	93.750	16	1	0	2	17	1607	1592	111	25.6
PARP12_F	XM_054336488.1	93.750	16	1	0	3	18	4477	4492	111	25.6
PARP12_F	XM_047442676.1	93.750	16	1	0	2	17	17440	17425	111	25.6
PARP12_F	XM_047426363.1	93.750	16	1	0	2	17	777	762	111	25.6
PARP12_F	NM_001438642.1	93.750	16	1	0	3	18	6044	6059	111	25.6
PARP12_F	XM_054367656.1	93.750	16	1	0	2	17	777	762	111	25.6
PARP12_F	XM_054328178.1	93.750	16	1	0	2	17	17438	17423	111	25.6
PARP12_F	XM_047426360.1	93.750	16	1	0	2	17	777	762	111	25.6
PARP12_F	NM_001410891.1	93.750	16	1	0	3	18	4671	4686	111	25.6
PARP12_F	XM_017001254.2	93.750	16	1	0	3	18	4444	4459	111	25.6
PARP12_F	XM_024446981.2	93.750	16	1	0	3	18	3848	3833	111	25.6
PARP12_F	NM_001438641.1	93.750	16	1	0	3	18	4347	4362	111	25.6
PARP12_F	NM_001438643.1	93.750	16	1	0	3	18	4494	4509	111	25.6
PARP12_F	XM_017001256.2	93.750	16	1	0	3	18	4120	4135	111	25.6
PARP12_F	NR_174515.1	93.750	16	1	0	2	17	777	762	111	25.6
PARP12_F	NR_174512.1	93.750	16	1	0	2	17	777	762	111	25.6
PARP12_F	XR_001741011.2	93.750	16	1	0	4	19	668	653	111	25.6
PARP12_F	XR_007073262.1	93.750	16	1	0	4	19	668	653	111	25.6
PARP12_F	XM_054336489.1	93.750	16	1	0	3	18	4444	4459	111	25.6
PARP12_F	NM_001438644.1	93.750	16	1	0	3	18	4388	4403	111	25.6
PARP12_F	XM_054336492.1	93.750	16	1	0	3	18	4120	4135	111	25.6
# blastn
# Iteration: 0
# Query: PARP12_R
# RID: BB04ERFB014
# Database: refseq_rna
# Fields: query acc.ver, subject acc.ver, % identity, alignment length, mismatches, gap opens, q. start, q. end, s. start, s. end, evalue, bit score
# 51 hits found
PARP12_R	NR_130117.2	100.000	21	0	0	1	21	1503	1483	0.005	39.2
PARP12_R	XM_054358837.1	100.000	21	0	0	1	21	1750	1730	0.005	39.2
PARP12_R	NM_022750.4	100.000	21	0	0	1	21	1645	1625	0.005	39.2
PARP12_R	XM_047420739.1	100.000	21	0	0	1	21	1750	1730	0.005	39.2
PARP12_R	NM_001004754.3	90.476	21	2	0	1	21	2206	2226	2.6	30.1
PARP12_R	NR_178068.1	90.476	21	2	0	1	21	2210	2230	2.6	30.1
PARP12_R	XR_007061032.1	95.000	20	0	1	2	20	4947	4928	9.1	29.2
PARP12_R	XM_054320589.1	94.444	18	1	0	1	18	4799	4782	9.1	29.2
PARP12_R	NM_170679.3	95.000	20	0	1	1	19	6687	6706	9.1	29.2
PARP12_R	NM_170679.3	100.000	12	0	0	3	14	6635	6646	386	22.9
PARP12_R	XR_007061031.1	95.000	20	0	1	2	20	4947	4928	9.1	29.2
PARP12_R	XM_054320590.1	94.444	18	1	0	1	18	6773	6756	9.1	29.2
PARP12_R	XM_047446681.1	94.444	18	1	0	2	19	498	515	9.1	29.2
PARP12_R	XR_949368.3	94.444	18	1	0	4	21	322	305	9.1	29.2
PARP12_R	NM_001413283.1	100.000	15	0	0	6	20	1012	998	9.1	28.3
PARP12_R	NM_001413281.1	100.000	15	0	0	6	20	919	905	9.1	28.3
PARP12_R	NM_001257389.2	100.000	15	0	0	6	20	1101	1087	9.1	28.3
PARP12_R	NM_001257390.2	100.000	15	0	0	6	20	900	886	9.1	28.3
PARP12_R	NM_001413286.1	100.000	15	0	0	6	20	689	675	9.1	28.3
PARP12_R	NM_001413285.1	100.000	15	0	0	6	20	766	752	9.1	28.3
PARP12_R	NM_001257401.2	100.000	15	0	0	6	20	860	846	9.1	28.3
PARP12_R	NM_001257400.2	100.000	15	0	0	6	20	669	655	9.1	28.3
PARP12_R	XM_047419741.1	100.000	15	0	0	7	21	13499	13485	9.1	28.3
PARP12_R	NM_001413284.1	100.000	15	0	0	6	20	766	752	9.1	28.3
PARP12_R	NM_014505.6	100.000	15	0	0	6	20	2302	2316	9.1	28.3
PARP12_R	NM_001319217.2	90.000	20	2	0	2	21	1238	1257	9.1	28.3
PARP12_R	NM_001257392.1	100.000	15	0	0	6	20	640	626	9.1	28.3
PARP12_R	NM_001413287.1	100.000	15	0	0	6	20	756	742	9.1	28.3
PARP12_R	NM_001780.6	100.000	15	0	0	6	20	766	752	9.1	28.3
PARP12_R	NM_001413282.1	100.000	15	0	0	6	20	1005	991	9.1	28.3
PARP12_R	NM_000499.5	90.000	20	2	0	2	21	1235	1254	9.1	28.3
PARP12_R	NM_001267698.2	100.000	15	0	0	6	20	923	909	9.1	28.3
PARP12_R	NM_001413288.1	100.000	15	0	0	6	20	670	656	9.1	28.3
PARP12_R	NM_001257391.2	100.000	15	0	0	6	20	711	697	9.1	28.3
PARP12_R	XM_054357031.1	100.000	15	0	0	7	21	21092	21078	9.1	28.3
PARP12_R	NM_001319216.2	90.000	20	2	0	2	21	1238	1257	9.1	28.3
PARP12_R	XM_011534556.3	90.909	22	1	1	1	21	2647	2668	9.1	28.3
PARP12_R	XM_054352561.1	90.909	22	1	1	1	21	2643	2664	9.1	28.3
PARP12_R	XM_054345786.1	94.118	17	1	0	5	21	1241	1225	32	27.4
PARP12_R	XM_054345776.1	94.118	17	1	0	5	21	2015	1999	32	27.4
PARP12_R	XM_054345778.1	94.118	17	1	0	5	21	2015	1999	32	27.4
PARP12_R	XM_054345784.1	94.118	17	1	0	5	21	2015	1999	32	27.4
PARP12_R	XM_054345790.1	94.118	17	1	0	5	21	1182	1166	32	27.4
PARP12_R	XM_054345781.1	94.118	17	1	0	5	21	2015	1999	32	27.4
PARP12_R	XM_054345785.1	94.118	17	1	0	5	21	2015	1999	32	27.4
PARP12_R	XM_054345791.1	94.118	17	1	0	5	21	1179	1163	32	27.4
PARP12_R	XM_054345775.1	94.118	17	1	0	5	21	2012	1996	32	27.4
PARP12_R	XM_054345780.1	94.118	17	1	0	5	21	2012	1996	32	27.4
PARP12_R	XM_054345788.1	94.118	17	1	0	5	21	1179	1163	32	27.4
PARP12_R	XM_054345773.1	94.118	17	1	0	5	21	2015	1999	32	27.4
PARP12_R	XM_054345787.1	94.118	17	1	0	5	21	1238	1222	32	27.4
# blastn
# Iteration: 0
# Query: CASP4_F
# RID: BB04ERFB014
# Database: refseq_rna
# Fields: query acc.ver, subject acc.ver, % identity, alignment length, mismatches, gap opens, q. start, q. end, s. start, s. end, evalue, bit score
# 53 hits found
CASP4_F	XM_011543019.2	100.000	19	0	0	1	19	777	795	0.061	35.6
CASP4_F	NM_001225.4	100.000	19	0	0	1	19	952	970	0.061	35.6
CASP4_F	XM_054370131.1	100.000	19	0	0	1	19	777	795	0.061	35.6
CASP4_F	NM_033306.3	100.000	19	0	0	1	19	1051	1069	0.061	35.6
CASP4_F	XM_047422644.1	100.000	17	0	0	1	17	2010	1994	0.75	31.9
CASP4_F	XM_011518149.4	100.000	17	0	0	1	17	2010	1994	0.75	31.9
CASP4_F	NM_001365383.1	100.000	16	0	0	2	17	2397	2382	2.6	30.1
CASP4_F	NR_024239.3	94.444	18	1	0	1	18	822	839	9.1	29.2
CASP4_F	NM_001136112.3	94.444	18	1	0	1	18	1145	1162	9.1	29.2
CASP4_F	NM_004347.5	94.444	18	1	0	1	18	1106	1123	9.1	29.2
CASP4_F	NM_001136110.3	94.444	18	1	0	1	18	680	697	9.1	29.2
CASP4_F	NR_126449.1	94.444	18	1	0	2	19	45	62	9.1	29.2
CASP4_F	NR_036562.3	94.444	18	1	0	1	18	570	587	9.1	29.2
CASP4_F	NM_001136109.3	94.444	18	1	0	1	18	932	949	9.1	29.2
CASP4_F	NR_126448.1	94.444	18	1	0	2	19	45	62	9.1	29.2
CASP4_F	NM_015352.2	100.000	15	0	0	1	15	1453	1467	9.1	28.3
CASP4_F	XM_054355316.1	100.000	15	0	0	1	15	5862	5848	9.1	28.3
CASP4_F	XM_047440079.1	100.000	15	0	0	1	15	1331	1345	9.1	28.3
CASP4_F	NR_131905.1	100.000	15	0	0	1	15	704	718	9.1	28.3
CASP4_F	XM_054355317.1	100.000	15	0	0	1	15	8535	8521	9.1	28.3
CASP4_F	XM_054323299.1	100.000	15	0	0	1	15	1331	1345	9.1	28.3
CASP4_F	XM_005249078.5	100.000	15	0	0	1	15	5862	5848	9.1	28.3
CASP4_F	NM_001347872.2	100.000	15	0	0	1	15	5625	5611	9.1	28.3
CASP4_F	XR_007081457.1	100.000	15	0	0	1	15	2195	2181	9.1	28.3
CASP4_F	XM_006715082.4	100.000	15	0	0	1	15	5345	5331	9.1	28.3
CASP4_F	XR_001747580.2	100.000	15	0	0	1	15	2195	2181	9.1	28.3
CASP4_F	XM_017022242.3	100.000	15	0	0	1	15	5747	5761	9.1	28.3
CASP4_F	XM_017022242.3	100.000	12	0	0	7	18	1113	1124	386	22.9
CASP4_F	NM_001257160.2	100.000	15	0	0	1	15	762	776	9.1	28.3
CASP4_F	XM_054378056.1	100.000	15	0	0	1	15	5761	5775	9.1	28.3
CASP4_F	XM_054378056.1	100.000	12	0	0	7	18	1113	1124	386	22.9
CASP4_F	NM_001012418.5	100.000	15	0	0	1	15	5493	5479	9.1	28.3
CASP4_F	XM_054347158.1	94.118	17	1	0	1	17	3140	3124	32	27.4
CASP4_F	NR_186643.1	94.118	17	1	0	2	18	3413	3429	32	27.4
CASP4_F	XM_011512956.4	94.118	17	1	0	1	17	3096	3080	32	27.4
CASP4_F	NR_186641.1	94.118	17	1	0	2	18	1271	1287	32	27.4
CASP4_F	XM_054347159.1	94.118	17	1	0	1	17	3341	3325	32	27.4
CASP4_F	NR_186642.1	94.118	17	1	0	2	18	1050	1066	32	27.4
CASP4_F	XR_001740196.3	94.118	17	1	0	1	17	2794	2778	32	27.4
CASP4_F	XM_054370130.1	94.118	17	1	0	2	18	1256	1272	32	27.4
CASP4_F	XM_017018395.2	94.118	17	1	0	2	18	1150	1166	32	27.4
CASP4_F	NM_001354607.2	94.118	17	1	0	3	19	242	226	32	27.4
CASP4_F	XR_007068024.1	94.118	17	1	0	1	17	1260	1244	32	27.4
CASP4_F	XM_017018394.2	94.118	17	1	0	2	18	1210	1226	32	27.4
CASP4_F	XM_047427675.1	94.118	17	1	0	2	18	1511	1527	32	27.4
CASP4_F	XR_007062219.1	94.118	17	1	0	1	17	4451	4467	32	27.4
CASP4_F	XR_007062219.1	100.000	12	0	0	3	14	29401	29390	386	22.9
CASP4_F	NR_186645.1	94.118	17	1	0	2	18	1055	1071	32	27.4
CASP4_F	XM_017018393.2	94.118	17	1	0	2	18	1209	1225	32	27.4
CASP4_F	XM_017018396.2	94.118	17	1	0	2	18	1351	1367	32	27.4
CASP4_F	XR_008486746.1	94.118	17	1	0	1	17	2794	2778	32	27.4
CASP4_F	NM_181897.3	94.118	17	1	0	1	17	697	681	32	27.4
CASP4_F	XM_054370127.1	94.118	17	1	0	2	18	1209	1225	32	27.4
# blastn
# Iteration: 0
# Query: CASP4_R
# RID: BB04ERFB014
# Database: refseq_rna
# Fields: query acc.ver, subject acc.ver, % identity, alignment length, mismatches, gap opens, q. start, q. end, s. start, s. end, evalue, bit score
# 50 hits found
CASP4_R	XM_011543019.2	100.000	22	0	0	1	22	915	894	0.001	41.0
CASP4_R	NM_001225.4	100.000	22	0	0	1	22	1090	1069	0.001	41.0
CASP4_R	XM_054370131.1	100.000	22	0	0	1	22	915	894	0.001	41.0
CASP4_R	NM_033306.3	100.000	22	0	0	1	22	1189	1168	0.001	41.0
CASP4_R	NR_024239.3	95.455	22	1	0	1	22	960	939	0.061	36.5
CASP4_R	NM_001136112.3	95.455	22	1	0	1	22	1283	1262	0.061	36.5
CASP4_R	NM_004347.5	95.455	22	1	0	1	22	1244	1223	0.061	36.5
CASP4_R	NM_001136110.3	95.455	22	1	0	1	22	818	797	0.061	36.5
CASP4_R	NR_036562.3	95.455	22	1	0	1	22	708	687	0.061	36.5
CASP4_R	NM_001136109.3	95.455	22	1	0	1	22	1070	1049	0.061	36.5
CASP4_R	NR_034079.1	90.909	22	2	0	1	22	353	332	0.75	31.9
CASP4_R	NR_034078.1	90.909	22	2	0	1	22	353	332	0.75	31.9
CASP4_R	NM_001167580.3	100.000	15	0	0	7	21	7041	7027	9.1	28.3
CASP4_R	NM_001323031.2	100.000	15	0	0	7	21	7879	7865	9.1	28.3
CASP4_R	NM_001323033.3	100.000	15	0	0	7	21	7550	7536	9.1	28.3
CASP4_R	XM_017022761.2	100.000	15	0	0	7	21	7892	7878	9.1	28.3
CASP4_R	XM_054379293.1	100.000	15	0	0	7	21	7892	7878	9.1	28.3
CASP4_R	XM_054379294.1	100.000	15	0	0	7	21	8027	8013	9.1	28.3
CASP4_R	XM_017022762.2	100.000	15	0	0	7	21	8027	8013	9.1	28.3
CASP4_R	XM_054379296.1	100.000	15	0	0	7	21	8389	8375	9.1	28.3
CASP4_R	NM_001323039.3	100.000	15	0	0	7	21	8301	8287	9.1	28.3
CASP4_R	NM_014848.7	100.000	15	0	0	7	21	7971	7957	9.1	28.3
CASP4_R	XM_005254998.4	100.000	15	0	0	7	21	7941	7927	9.1	28.3
CASP4_R	XM_054379295.1	100.000	15	0	0	7	21	8309	8295	9.1	28.3
CASP4_R	NM_001323037.3	100.000	15	0	0	7	21	8012	7998	9.1	28.3
CASP4_R	NM_001323034.3	100.000	15	0	0	7	21	7682	7668	9.1	28.3
CASP4_R	NM_001323040.3	100.000	15	0	0	7	21	7547	7533	9.1	28.3
CASP4_R	NM_001323038.3	100.000	15	0	0	7	21	7924	7910	9.1	28.3
CASP4_R	NM_001323036.3	100.000	15	0	0	7	21	7082	7068	9.1	28.3
CASP4_R	XM_054379292.1	100.000	15	0	0	7	21	7941	7927	9.1	28.3
CASP4_R	NM_001323032.3	100.000	15	0	0	7	21	7883	7869	9.1	28.3
CASP4_R	XM_047433392.1	100.000	15	0	0	7	21	8389	8375	9.1	28.3
CASP4_R	XM_017008224.2	94.118	17	1	0	4	20	1570	1586	32	27.4
CASP4_R	XM_054350074.1	94.118	17	1	0	4	20	1566	1582	32	27.4
CASP4_R	NR_033354.2	86.364	22	3	0	1	22	888	867	32	27.4
CASP4_R	XM_011529254.3	100.000	14	0	0	5	18	3959	3946	32	26.5
CASP4_R	XM_006723569.3	100.000	14	0	0	5	18	2767	2754	32	26.5
CASP4_R	XM_047440203.1	100.000	14	0	0	5	18	2355	2342	32	26.5
CASP4_R	XM_054323522.1	100.000	14	0	0	5	18	7386	7373	32	26.5
CASP4_R	XM_054323520.1	100.000	14	0	0	5	18	2628	2615	32	26.5
CASP4_R	XM_017027884.2	100.000	14	0	0	5	18	2531	2518	32	26.5
CASP4_R	XM_054323518.1	100.000	14	0	0	5	18	2553	2540	32	26.5
CASP4_R	XM_024451900.2	100.000	14	0	0	5	18	2553	2540	32	26.5
CASP4_R	XM_054323513.1	100.000	14	0	0	5	18	2355	2342	32	26.5
CASP4_R	XM_054323514.1	100.000	14	0	0	5	18	2319	2306	32	26.5
CASP4_R	XM_054323515.1	100.000	14	0	0	5	18	2681	2668	32	26.5
CASP4_R	XM_054323519.1	100.000	14	0	0	5	18	2355	2342	32	26.5
CASP4_R	XM_054323516.1	100.000	14	0	0	5	18	24297	24284	32	26.5
CASP4_R	XM_047440206.1	100.000	14	0	0	5	18	826	813	32	26.5
CASP4_R	XM_005260724.3	100.000	14	0	0	5	18	2625	2612	32	26.5
# blastn
# Iteration: 0
# Query: SH3TC1_F
# RID: BB04ERFB014
# Database: refseq_rna
# Fields: query acc.ver, subject acc.ver, % identity, alignment length, mismatches, gap opens, q. start, q. end, s. start, s. end, evalue, bit score
# 50 hits found
SH3TC1_F	XR_007057932.1	100.000	20	0	0	1	20	776	795	0.018	37.4
SH3TC1_F	XM_047415792.1	100.000	20	0	0	1	20	976	995	0.018	37.4
SH3TC1_F	NM_001410712.1	100.000	20	0	0	1	20	999	1018	0.018	37.4
SH3TC1_F	XM_054350206.1	100.000	20	0	0	1	20	776	795	0.018	37.4
SH3TC1_F	XM_054350207.1	100.000	20	0	0	1	20	776	795	0.018	37.4
SH3TC1_F	XM_054350205.1	100.000	20	0	0	1	20	776	795	0.018	37.4
SH3TC1_F	XM_054350202.1	100.000	20	0	0	1	20	3127	3146	0.018	37.4
SH3TC1_F	XM_047415790.1	100.000	20	0	0	1	20	776	795	0.018	37.4
SH3TC1_F	XM_054350208.1	100.000	20	0	0	1	20	511	530	0.018	37.4
SH3TC1_F	XM_054350199.1	100.000	20	0	0	1	20	776	795	0.018	37.4
SH3TC1_F	NM_001318480.2	100.000	20	0	0	1	20	1059	1078	0.018	37.4
SH3TC1_F	XM_047415794.1	100.000	20	0	0	1	20	776	795	0.018	37.4
SH3TC1_F	XM_054350209.1	100.000	20	0	0	1	20	776	795	0.018	37.4
SH3TC1_F	XM_017008300.3	100.000	20	0	0	1	20	4255	4274	0.018	37.4
SH3TC1_F	XM_024454094.2	100.000	20	0	0	1	20	776	795	0.018	37.4
SH3TC1_F	XR_007057930.1	100.000	20	0	0	1	20	776	795	0.018	37.4
SH3TC1_F	XM_054350203.1	100.000	20	0	0	1	20	1036	1055	0.018	37.4
SH3TC1_F	XM_054350204.1	100.000	20	0	0	1	20	976	995	0.018	37.4
SH3TC1_F	XM_054350201.1	100.000	20	0	0	1	20	1629	1648	0.018	37.4
SH3TC1_F	NM_018986.5	100.000	20	0	0	1	20	976	995	0.018	37.4
SH3TC1_F	XM_047415791.1	100.000	20	0	0	1	20	2001	2020	0.018	37.4
SH3TC1_F	XM_054350200.1	100.000	20	0	0	1	20	776	795	0.018	37.4
SH3TC1_F	XM_011513488.1	100.000	20	0	0	1	20	999	1018	0.018	37.4
SH3TC1_F	XM_006713889.3	100.000	20	0	0	1	20	511	530	0.018	37.4
SH3TC1_F	XR_007057931.1	100.000	20	0	0	1	20	776	795	0.018	37.4
SH3TC1_F	XR_007063796.1	94.444	18	1	0	3	20	2012	1995	9.1	29.2
SH3TC1_F	XM_011544188.4	94.444	18	1	0	1	18	2461	2478	9.1	29.2
SH3TC1_F	XM_017001274.3	94.444	18	1	0	1	18	2335	2352	9.1	29.2
SH3TC1_F	XM_017023556.2	94.118	17	1	0	2	18	2527	2543	32	27.4
SH3TC1_F	XM_054337222.1	94.118	17	1	0	2	18	4204	4188	32	27.4
SH3TC1_F	XM_047422077.1	94.118	17	1	0	4	20	246	230	32	27.4
SH3TC1_F	XM_047434478.1	94.118	17	1	0	2	18	3099	3115	32	27.4
SH3TC1_F	XM_054337225.1	94.118	17	1	0	2	18	3929	3913	32	27.4
SH3TC1_F	XM_054337231.1	94.118	17	1	0	2	18	1939	1923	32	27.4
SH3TC1_F	XM_054360964.1	94.118	17	1	0	4	20	246	230	32	27.4
SH3TC1_F	XM_047434480.1	94.118	17	1	0	2	18	2865	2881	32	27.4
SH3TC1_F	XM_054313664.1	94.118	17	1	0	2	18	3099	3115	32	27.4
SH3TC1_F	XM_054337223.1	94.118	17	1	0	2	18	4192	4176	32	27.4
SH3TC1_F	XM_047434479.1	94.118	17	1	0	2	18	3028	3044	32	27.4
SH3TC1_F	XM_054337224.1	94.118	17	1	0	2	18	3845	3829	32	27.4
SH3TC1_F	XM_047434482.1	94.118	17	1	0	2	18	2307	2323	32	27.4
SH3TC1_F	XM_005245286.4	94.118	17	1	0	2	18	1939	1923	32	27.4
SH3TC1_F	XM_054313668.1	94.118	17	1	0	2	18	2865	2881	32	27.4
SH3TC1_F	XM_006720921.2	94.118	17	1	0	2	18	2538	2554	32	27.4
SH3TC1_F	XM_054313667.1	94.118	17	1	0	2	18	2526	2542	32	27.4
SH3TC1_F	XM_054337221.1	94.118	17	1	0	2	18	4346	4330	32	27.4
SH3TC1_F	XM_054313669.1	94.118	17	1	0	2	18	2381	2397	32	27.4
SH3TC1_F	XM_047434481.1	94.118	17	1	0	2	18	2376	2392	32	27.4
SH3TC1_F	XM_054313666.1	94.118	17	1	0	2	18	2543	2559	32	27.4
SH3TC1_F	XM_054337230.1	94.118	17	1	0	2	18	4263	4247	32	27.4
# blastn
# Iteration: 0
# Query: SH3TC1_R
# RID: BB04ERFB014
# Database: refseq_rna
# Fields: query acc.ver, subject acc.ver, % identity, alignment length, mismatches, gap opens, q. start, q. end, s. start, s. end, evalue, bit score
# 50 hits found
SH3TC1_R	XR_007057932.1	100.000	19	0	0	1	19	926	908	0.061	35.6
SH3TC1_R	XM_047415792.1	100.000	19	0	0	1	19	1126	1108	0.061	35.6
SH3TC1_R	NM_001410712.1	100.000	19	0	0	1	19	1149	1131	0.061	35.6
SH3TC1_R	XM_054350206.1	100.000	19	0	0	1	19	926	908	0.061	35.6
SH3TC1_R	XM_054350207.1	100.000	19	0	0	1	19	926	908	0.061	35.6
SH3TC1_R	XM_054350211.1	100.000	19	0	0	1	19	232	214	0.061	35.6
SH3TC1_R	XM_054350205.1	100.000	19	0	0	1	19	926	908	0.061	35.6
SH3TC1_R	XM_006713891.4	100.000	19	0	0	1	19	232	214	0.061	35.6
SH3TC1_R	XM_054350202.1	100.000	19	0	0	1	19	3277	3259	0.061	35.6
SH3TC1_R	XM_047415790.1	100.000	19	0	0	1	19	926	908	0.061	35.6
SH3TC1_R	XM_054350208.1	100.000	19	0	0	1	19	661	643	0.061	35.6
SH3TC1_R	XM_054350210.1	100.000	19	0	0	1	19	230	212	0.061	35.6
SH3TC1_R	XM_047415795.1	100.000	19	0	0	1	19	230	212	0.061	35.6
SH3TC1_R	XM_054350199.1	100.000	19	0	0	1	19	926	908	0.061	35.6
SH3TC1_R	NM_001318480.2	100.000	19	0	0	1	19	1209	1191	0.061	35.6
SH3TC1_R	XM_047415794.1	100.000	19	0	0	1	19	926	908	0.061	35.6
SH3TC1_R	XM_054350209.1	100.000	19	0	0	1	19	926	908	0.061	35.6
SH3TC1_R	NR_134639.2	100.000	19	0	0	1	19	840	822	0.061	35.6
SH3TC1_R	XM_017008300.3	100.000	19	0	0	1	19	4405	4387	0.061	35.6
SH3TC1_R	XM_024454094.2	100.000	19	0	0	1	19	926	908	0.061	35.6
SH3TC1_R	XR_007057930.1	100.000	19	0	0	1	19	926	908	0.061	35.6
SH3TC1_R	XM_054350203.1	100.000	19	0	0	1	19	1186	1168	0.061	35.6
SH3TC1_R	XM_054350204.1	100.000	19	0	0	1	19	1126	1108	0.061	35.6
SH3TC1_R	XM_054350201.1	100.000	19	0	0	1	19	1779	1761	0.061	35.6
SH3TC1_R	NM_018986.5	100.000	19	0	0	1	19	1126	1108	0.061	35.6
SH3TC1_R	XM_047415791.1	100.000	19	0	0	1	19	2151	2133	0.061	35.6
SH3TC1_R	XM_054350200.1	100.000	19	0	0	1	19	926	908	0.061	35.6
SH3TC1_R	XM_011513488.1	100.000	19	0	0	1	19	1149	1131	0.061	35.6
SH3TC1_R	XM_006713889.3	100.000	19	0	0	1	19	661	643	0.061	35.6
SH3TC1_R	XR_007057931.1	100.000	19	0	0	1	19	926	908	0.061	35.6
SH3TC1_R	XR_007061417.1	94.118	17	1	0	1	17	1644	1628	32	27.4
SH3TC1_R	NM_080626.6	94.118	17	1	0	1	17	3574	3590	32	27.4
SH3TC1_R	XM_047443522.1	94.118	17	1	0	3	19	1711	1695	32	27.4
SH3TC1_R	NM_182828.4	94.118	17	1	0	3	19	1666	1650	32	27.4
SH3TC1_R	XR_008486089.1	94.118	17	1	0	1	17	1650	1634	32	27.4
SH3TC1_R	XM_054376610.1	89.474	19	2	0	1	19	4873	4855	32	26.5
SH3TC1_R	NM_001406778.1	100.000	14	0	0	3	16	1494	1481	32	26.5
SH3TC1_R	XM_054376613.1	89.474	19	2	0	1	19	4538	4520	32	26.5
SH3TC1_R	XM_054376612.1	89.474	19	2	0	1	19	3429	3411	32	26.5
SH3TC1_R	XM_054376614.1	89.474	19	2	0	1	19	3329	3311	32	26.5
SH3TC1_R	NM_001406787.1	100.000	14	0	0	3	16	1188	1175	32	26.5
SH3TC1_R	NM_001406763.1	100.000	14	0	0	3	16	2085	2072	32	26.5
SH3TC1_R	XM_054376608.1	89.474	19	2	0	1	19	4646	4628	32	26.5
SH3TC1_R	NM_001406783.1	100.000	14	0	0	3	16	1194	1181	32	26.5
SH3TC1_R	NM_001406762.1	100.000	14	0	0	3	16	2091	2078	32	26.5
SH3TC1_R	NM_001406766.1	100.000	14	0	0	3	16	1932	1919	32	26.5
SH3TC1_R	NM_001406779.1	100.000	14	0	0	3	16	1323	1310	32	26.5
SH3TC1_R	NM_001406769.1	100.000	14	0	0	3	16	1824	1811	32	26.5
SH3TC1_R	NM_001406771.1	100.000	14	0	0	3	16	1782	1769	32	26.5
SH3TC1_R	NM_001406780.1	100.000	14	0	0	3	16	1323	1310	32	26.5
# blastn
# Iteration: 0
# Query: LAMB1_F
# RID: BB04ERFB014
# Database: refseq_rna
# Fields: query acc.ver, subject acc.ver, % identity, alignment length, mismatches, gap opens, q. start, q. end, s. start, s. end, evalue, bit score
# 50 hits found
LAMB1_F	XM_047420360.1	100.000	19	0	0	1	19	432	450	0.061	35.6
LAMB1_F	XM_054358193.1	100.000	19	0	0	1	19	904	922	0.061	35.6
LAMB1_F	XM_054358194.1	100.000	19	0	0	1	19	432	450	0.061	35.6
LAMB1_F	XM_054358192.1	100.000	19	0	0	1	19	432	450	0.061	35.6
LAMB1_F	XM_054358190.1	100.000	19	0	0	1	19	906	924	0.061	35.6
LAMB1_F	NM_002291.3	100.000	19	0	0	1	19	432	450	0.061	35.6
LAMB1_F	XM_054358191.1	100.000	19	0	0	1	19	904	922	0.061	35.6
LAMB1_F	XM_047420359.1	100.000	19	0	0	1	19	432	450	0.061	35.6
LAMB1_F	XM_054377077.1	100.000	15	0	0	5	19	9420	9406	9.1	28.3
LAMB1_F	NM_001446109.1	100.000	15	0	0	2	16	6010	5996	9.1	28.3
LAMB1_F	NM_001446110.1	100.000	15	0	0	2	16	6004	5990	9.1	28.3
LAMB1_F	NM_001446121.1	100.000	15	0	0	2	16	5914	5900	9.1	28.3
LAMB1_F	XM_054347722.1	100.000	15	0	0	3	17	2204	2190	9.1	28.3
LAMB1_F	NM_001446115.1	100.000	15	0	0	2	16	5788	5774	9.1	28.3
LAMB1_F	XM_054377078.1	100.000	15	0	0	5	19	9241	9227	9.1	28.3
LAMB1_F	NM_001446114.1	100.000	15	0	0	2	16	5932	5918	9.1	28.3
LAMB1_F	XM_054377080.1	100.000	15	0	0	5	19	8984	8970	9.1	28.3
LAMB1_F	NM_001446103.1	100.000	15	0	0	2	16	6205	6191	9.1	28.3
LAMB1_F	NM_001446120.1	100.000	15	0	0	2	16	6075	6061	9.1	28.3
LAMB1_F	XM_054377081.1	100.000	15	0	0	5	19	9540	9526	9.1	28.3
LAMB1_F	NM_001446123.1	100.000	15	0	0	2	16	4429	4415	9.1	28.3
LAMB1_F	XM_054347719.1	100.000	15	0	0	3	17	1496	1482	9.1	28.3
LAMB1_F	NM_001446113.1	100.000	15	0	0	2	16	5938	5924	9.1	28.3
LAMB1_F	NM_001446119.1	100.000	15	0	0	2	16	6003	5989	9.1	28.3
LAMB1_F	NM_001446108.1	100.000	15	0	0	2	16	6061	6047	9.1	28.3
LAMB1_F	NM_001446111.1	100.000	15	0	0	2	16	6001	5987	9.1	28.3
LAMB1_F	XM_054377076.1	100.000	15	0	0	5	19	9398	9384	9.1	28.3
LAMB1_F	XM_054377069.1	100.000	15	0	0	5	19	9431	9417	9.1	28.3
LAMB1_F	NM_001446107.1	100.000	15	0	0	2	16	6088	6074	9.1	28.3
LAMB1_F	XM_054377084.1	100.000	15	0	0	5	19	13116	13102	9.1	28.3
LAMB1_F	XM_054347729.1	100.000	15	0	0	3	17	1293	1279	9.1	28.3
LAMB1_F	XM_054347728.1	100.000	15	0	0	3	17	1439	1425	9.1	28.3
LAMB1_F	NM_001446102.1	100.000	15	0	0	2	16	6364	6350	9.1	28.3
LAMB1_F	XM_054377086.1	100.000	15	0	0	5	19	7226	7212	9.1	28.3
LAMB1_F	XM_054347730.1	100.000	15	0	0	3	17	1266	1252	9.1	28.3
LAMB1_F	XM_054377071.1	100.000	15	0	0	5	19	8991	8977	9.1	28.3
LAMB1_F	NM_001446117.1	100.000	15	0	0	2	16	6056	6042	9.1	28.3
LAMB1_F	XM_054377082.1	100.000	15	0	0	5	19	9576	9562	9.1	28.3
LAMB1_F	XM_054377085.1	100.000	15	0	0	5	19	7289	7275	9.1	28.3
LAMB1_F	NM_001446122.1	100.000	15	0	0	2	16	5800	5786	9.1	28.3
LAMB1_F	XM_054377074.1	100.000	15	0	0	5	19	9358	9344	9.1	28.3
LAMB1_F	XM_054347712.1	100.000	15	0	0	3	17	1263	1249	9.1	28.3
LAMB1_F	NM_001446118.1	100.000	15	0	0	2	16	5984	5970	9.1	28.3
LAMB1_F	XM_054377073.1	100.000	15	0	0	5	19	9384	9370	9.1	28.3
LAMB1_F	XM_054377083.1	100.000	15	0	0	5	19	9637	9623	9.1	28.3
LAMB1_F	XM_054377075.1	100.000	15	0	0	5	19	9487	9473	9.1	28.3
LAMB1_F	NM_001446105.1	100.000	15	0	0	2	16	6118	6104	9.1	28.3
LAMB1_F	XM_054347727.1	100.000	15	0	0	3	17	1209	1195	9.1	28.3
LAMB1_F	NM_001446116.1	100.000	15	0	0	2	16	5728	5714	9.1	28.3
LAMB1_F	XM_054377079.1	100.000	15	0	0	5	19	9627	9613	9.1	28.3
# blastn
# Iteration: 0
# Query: LAMB1_R
# RID: BB04ERFB014
# Database: refseq_rna
# Fields: query acc.ver, subject acc.ver, % identity, alignment length, mismatches, gap opens, q. start, q. end, s. start, s. end, evalue, bit score
# 50 hits found
LAMB1_R	XM_047420360.1	100.000	19	0	0	1	19	571	553	0.061	35.6
LAMB1_R	XM_054358193.1	100.000	19	0	0	1	19	1043	1025	0.061	35.6
LAMB1_R	XM_054358194.1	100.000	19	0	0	1	19	571	553	0.061	35.6
LAMB1_R	XM_054358192.1	100.000	19	0	0	1	19	571	553	0.061	35.6
LAMB1_R	XM_054358190.1	100.000	19	0	0	1	19	1045	1027	0.061	35.6
LAMB1_R	NM_002291.3	100.000	19	0	0	1	19	571	553	0.061	35.6
LAMB1_R	XM_054358191.1	100.000	19	0	0	1	19	1043	1025	0.061	35.6
LAMB1_R	XM_047420359.1	100.000	19	0	0	1	19	571	553	0.061	35.6
LAMB1_R	XM_047423392.1	100.000	15	0	0	5	19	718	732	9.1	28.3
LAMB1_R	XM_054362970.1	100.000	15	0	0	5	19	902	916	9.1	28.3
LAMB1_R	XM_054333092.1	100.000	15	0	0	5	19	902	916	9.1	28.3
LAMB1_R	XM_047423391.1	100.000	15	0	0	5	19	902	916	9.1	28.3
LAMB1_R	XM_054333093.1	100.000	15	0	0	5	19	718	732	9.1	28.3
LAMB1_R	XM_047433819.1	89.474	19	2	0	1	19	4112	4094	32	26.5
LAMB1_R	NM_001384354.1	100.000	14	0	0	2	15	10787	10800	32	26.5
LAMB1_R	NR_110031.2	100.000	14	0	0	5	18	789	802	32	26.5
LAMB1_R	XM_054322956.1	100.000	14	0	0	2	15	9753	9766	32	26.5
LAMB1_R	XM_054322952.1	100.000	14	0	0	2	15	11050	11063	32	26.5
LAMB1_R	XM_047439882.1	100.000	14	0	0	2	15	9747	9760	32	26.5
LAMB1_R	XR_001747837.2	100.000	14	0	0	5	18	823	836	32	26.5
LAMB1_R	XM_047426802.1	100.000	14	0	0	5	18	823	836	32	26.5
LAMB1_R	XM_011528538.3	100.000	14	0	0	2	15	9352	9365	32	26.5
LAMB1_R	XR_001747838.2	100.000	14	0	0	5	18	673	686	32	26.5
LAMB1_R	XR_001747836.2	100.000	14	0	0	5	18	823	836	32	26.5
LAMB1_R	XM_054379879.1	89.474	19	2	0	1	19	4143	4125	32	26.5
LAMB1_R	NM_001293163.2	100.000	14	0	0	6	19	2417	2430	32	26.5
LAMB1_R	XM_054322954.1	100.000	14	0	0	2	15	10917	10930	32	26.5
LAMB1_R	XM_011528536.3	100.000	14	0	0	2	15	10400	10413	32	26.5
LAMB1_R	XM_047439881.1	100.000	14	0	0	2	15	11049	11062	32	26.5
LAMB1_R	XR_007062475.1	100.000	14	0	0	5	18	823	836	32	26.5
LAMB1_R	XM_054322958.1	100.000	14	0	0	2	15	12258	12271	32	26.5
LAMB1_R	NM_005011.5	100.000	14	0	0	6	19	2357	2370	32	26.5
LAMB1_R	XM_011528534.3	100.000	14	0	0	2	15	10860	10873	32	26.5
LAMB1_R	XM_006723698.4	100.000	14	0	0	2	15	9616	9629	32	26.5
LAMB1_R	NM_001040110.2	100.000	14	0	0	6	19	2356	2369	32	26.5
LAMB1_R	XR_008488384.1	100.000	14	0	0	5	18	823	836	32	26.5
LAMB1_R	XM_054322959.1	100.000	14	0	0	2	15	9748	9761	32	26.5
LAMB1_R	NM_001293164.2	100.000	14	0	0	6	19	2245	2258	32	26.5
LAMB1_R	XM_054322955.1	100.000	14	0	0	2	15	9585	9598	32	26.5
LAMB1_R	NM_182904.5	100.000	14	0	0	5	18	823	836	32	26.5
LAMB1_R	XM_005260273.4	100.000	14	0	0	2	15	12257	12270	32	26.5
LAMB1_R	XM_047439880.1	100.000	14	0	0	2	15	11122	11135	32	26.5
LAMB1_R	NM_178457.3	100.000	14	0	0	2	15	9668	9681	32	26.5
LAMB1_R	XM_011528537.3	100.000	14	0	0	2	15	9752	9765	32	26.5
LAMB1_R	NM_001288748.2	100.000	14	0	0	5	18	823	836	32	26.5
LAMB1_R	XM_054322957.1	100.000	14	0	0	2	15	10351	10364	32	26.5
LAMB1_R	XM_054322953.1	100.000	14	0	0	2	15	10829	10842	32	26.5
LAMB1_R	NR_186364.1	93.750	16	1	0	3	18	639	654	111	25.6
LAMB1_R	NR_186366.1	93.750	16	1	0	3	18	639	654	111	25.6
LAMB1_R	NR_186365.1	93.750	16	1	0	3	18	639	654	111	25.6
# blastn
# Iteration: 0
# Query: STAT1_F
# RID: BB04ERFB014
# Database: refseq_rna
# Fields: query acc.ver, subject acc.ver, % identity, alignment length, mismatches, gap opens, q. start, q. end, s. start, s. end, evalue, bit score
# 50 hits found
STAT1_F	NM_001384881.1	100.000	20	0	0	1	20	2429	2448	0.018	37.4
STAT1_F	NM_001384885.1	100.000	20	0	0	1	20	2187	2206	0.018	37.4
STAT1_F	NM_001384883.1	100.000	20	0	0	1	20	2247	2266	0.018	37.4
STAT1_F	NM_001384887.1	100.000	20	0	0	1	20	2253	2272	0.018	37.4
STAT1_F	NM_001384880.1	100.000	20	0	0	1	20	2286	2305	0.018	37.4
STAT1_F	NM_001384891.1	100.000	20	0	0	1	20	2382	2401	0.018	37.4
STAT1_F	NM_007315.4	100.000	20	0	0	1	20	2346	2365	0.018	37.4
STAT1_F	NM_001384886.1	100.000	20	0	0	1	20	2346	2365	0.018	37.4
STAT1_F	NM_139266.3	100.000	20	0	0	1	20	2346	2365	0.018	37.4
STAT1_F	NM_001384888.1	100.000	20	0	0	1	20	2316	2335	0.018	37.4
STAT1_F	NM_001437284.1	100.000	20	0	0	1	20	2192	2211	0.018	37.4
STAT1_F	NM_001384890.1	100.000	20	0	0	1	20	2256	2275	0.018	37.4
STAT1_F	NM_001384882.1	100.000	20	0	0	1	20	2340	2359	0.018	37.4
STAT1_F	NM_001384889.1	100.000	20	0	0	1	20	2346	2365	0.018	37.4
STAT1_F	XR_007070885.1	94.444	18	1	0	1	18	12362	12379	9.1	29.2
STAT1_F	XR_007070887.1	94.444	18	1	0	1	18	4998	5015	9.1	29.2
STAT1_F	NM_006406.2	94.444	18	1	0	1	18	563	546	9.1	29.2
STAT1_F	NM_015323.5	94.118	17	1	0	2	18	236	252	32	27.4
STAT1_F	NM_014981.3	94.118	17	1	0	2	18	6657	6673	32	27.4
STAT1_F	XM_011512559.3	94.118	17	1	0	2	18	8439	8455	32	27.4
STAT1_F	XM_054376677.1	94.118	17	1	0	4	20	345	329	32	27.4
STAT1_F	XM_054345737.1	94.118	17	1	0	2	18	6829	6845	32	27.4
STAT1_F	NM_006370.3	94.118	17	1	0	4	20	2251	2235	32	27.4
STAT1_F	XM_054376675.1	94.118	17	1	0	4	20	345	329	32	27.4
STAT1_F	XM_054376678.1	94.118	17	1	0	4	20	345	329	32	27.4
STAT1_F	XR_007081144.1	100.000	14	0	0	3	16	6142	6129	32	26.5
STAT1_F	XR_007073441.1	100.000	14	0	0	7	20	315	328	32	26.5
STAT1_F	XR_008485355.1	100.000	14	0	0	2	15	9850	9837	32	26.5
STAT1_F	XR_007081141.1	100.000	14	0	0	3	16	6142	6129	32	26.5
STAT1_F	XM_054369132.1	100.000	14	0	0	5	18	4767	4780	32	26.5
STAT1_F	XR_007081150.1	100.000	14	0	0	3	16	6142	6129	32	26.5
STAT1_F	XM_054370730.1	100.000	14	0	0	7	20	3768	3781	32	26.5
STAT1_F	XR_008487328.1	100.000	14	0	0	7	20	2245	2232	32	26.5
STAT1_F	XR_007073440.1	100.000	14	0	0	7	20	318	331	32	26.5
STAT1_F	XR_007073437.1	100.000	14	0	0	7	20	357	370	32	26.5
STAT1_F	XR_007081148.1	100.000	14	0	0	3	16	6142	6129	32	26.5
STAT1_F	XR_007073436.1	100.000	14	0	0	7	20	418	431	32	26.5
STAT1_F	XM_054355325.1	100.000	14	0	0	7	20	2109	2096	32	26.5
STAT1_F	XM_054355323.1	100.000	14	0	0	7	20	2245	2232	32	26.5
STAT1_F	XM_054355324.1	100.000	14	0	0	7	20	2205	2192	32	26.5
STAT1_F	XR_007081139.1	100.000	14	0	0	3	16	6142	6129	32	26.5
STAT1_F	XR_007073435.1	100.000	14	0	0	7	20	411	424	32	26.5
STAT1_F	XM_054355671.1	89.474	19	2	0	2	20	1973	1955	32	26.5
STAT1_F	XR_007073438.1	100.000	14	0	0	7	20	361	374	32	26.5
STAT1_F	XM_054316917.1	100.000	14	0	0	7	20	1574	1587	32	26.5
STAT1_F	XM_054370677.1	100.000	14	0	0	4	17	333	320	32	26.5
STAT1_F	XR_007073439.1	100.000	14	0	0	7	20	354	367	32	26.5
STAT1_F	XR_007073434.1	100.000	14	0	0	7	20	375	388	32	26.5
STAT1_F	XM_054355404.1	89.474	19	2	0	1	19	968	986	32	26.5
STAT1_F	XM_054316915.1	100.000	14	0	0	7	20	1682	1695	32	26.5
# blastn
# Iteration: 0
# Query: STAT1_R
# RID: BB04ERFB014
# Database: refseq_rna
# Fields: query acc.ver, subject acc.ver, % identity, alignment length, mismatches, gap opens, q. start, q. end, s. start, s. end, evalue, bit score
# 50 hits found
STAT1_R	NM_001384881.1	100.000	19	0	0	1	19	2533	2515	0.061	35.6
STAT1_R	NM_001384885.1	100.000	19	0	0	1	19	2291	2273	0.061	35.6
STAT1_R	NM_001384883.1	100.000	19	0	0	1	19	2351	2333	0.061	35.6
STAT1_R	NM_001384887.1	100.000	19	0	0	1	19	2357	2339	0.061	35.6
STAT1_R	NM_001384880.1	100.000	19	0	0	1	19	2390	2372	0.061	35.6
STAT1_R	NM_001384891.1	100.000	19	0	0	1	19	2486	2468	0.061	35.6
STAT1_R	NM_007315.4	100.000	19	0	0	1	19	2450	2432	0.061	35.6
STAT1_R	NM_001384886.1	100.000	19	0	0	1	19	2474	2456	0.061	35.6
STAT1_R	NM_001384888.1	100.000	19	0	0	1	19	2420	2402	0.061	35.6
STAT1_R	NM_001437284.1	100.000	19	0	0	1	19	2296	2278	0.061	35.6
STAT1_R	NM_001384890.1	100.000	19	0	0	1	19	2360	2342	0.061	35.6
STAT1_R	NM_001384882.1	100.000	19	0	0	1	19	2444	2426	0.061	35.6
STAT1_R	NM_022780.4	100.000	17	0	0	2	18	5582	5566	0.75	31.9
STAT1_R	XM_054326959.1	100.000	15	0	0	3	17	11431	11445	9.1	28.3
STAT1_R	NM_001144932.3	100.000	15	0	0	5	19	536	522	9.1	28.3
STAT1_R	XM_054371814.1	94.118	17	1	0	3	19	4738	4722	32	27.4
STAT1_R	XR_008488594.1	94.118	17	1	0	3	19	3717	3701	32	27.4
STAT1_R	XM_054371815.1	94.118	17	1	0	3	19	5547	5531	32	27.4
STAT1_R	XR_944560.3	94.118	17	1	0	3	19	3716	3700	32	27.4
STAT1_R	XM_054371817.1	94.118	17	1	0	3	19	4678	4662	32	27.4
STAT1_R	XM_047428729.1	94.118	17	1	0	3	19	4415	4399	32	27.4
STAT1_R	XM_024448951.2	94.118	17	1	0	3	19	5545	5529	32	27.4
STAT1_R	XR_944561.3	94.118	17	1	0	3	19	3670	3654	32	27.4
STAT1_R	XR_001745164.3	94.118	17	1	0	3	19	10105	10121	32	27.4
STAT1_R	XM_054371822.1	94.118	17	1	0	3	19	4417	4401	32	27.4
STAT1_R	XM_054371816.1	94.118	17	1	0	3	19	4734	4718	32	27.4
STAT1_R	XM_054371818.1	94.118	17	1	0	3	19	5487	5471	32	27.4
STAT1_R	XR_001745162.3	94.118	17	1	0	3	19	3222	3238	32	27.4
STAT1_R	XR_008488595.1	94.118	17	1	0	3	19	3671	3655	32	27.4
STAT1_R	XM_054342991.1	94.118	17	1	0	1	17	330	314	32	27.4
STAT1_R	XR_007078397.1	94.118	17	1	0	3	19	2761	2777	32	27.4
STAT1_R	XM_024448953.2	94.118	17	1	0	3	19	5485	5469	32	27.4
STAT1_R	XM_024448950.2	94.118	17	1	0	3	19	4736	4720	32	27.4
STAT1_R	XM_024448952.2	94.118	17	1	0	3	19	4732	4716	32	27.4
STAT1_R	XM_047428726.1	94.118	17	1	0	3	19	4676	4660	32	27.4
STAT1_R	XM_054379027.1	89.474	19	2	0	1	19	3092	3110	32	26.5
STAT1_R	XM_054362573.1	89.474	19	2	0	1	19	434	452	32	26.5
STAT1_R	XM_054371952.1	100.000	14	0	0	5	18	1660	1673	32	26.5
STAT1_R	XM_054379020.1	89.474	19	2	0	1	19	3499	3517	32	26.5
STAT1_R	XM_054379018.1	89.474	19	2	0	1	19	2230	2248	32	26.5
STAT1_R	XM_054379026.1	89.474	19	2	0	1	19	4828	4846	32	26.5
STAT1_R	XM_054379019.1	89.474	19	2	0	1	19	2608	2626	32	26.5
STAT1_R	XM_054379016.1	89.474	19	2	0	1	19	2116	2134	32	26.5
STAT1_R	XM_054379022.1	89.474	19	2	0	1	19	2277	2295	32	26.5
STAT1_R	XM_054379010.1	89.474	19	2	0	1	19	10207	10225	32	26.5
STAT1_R	XM_054379017.1	89.474	19	2	0	1	19	10436	10454	32	26.5
STAT1_R	XM_054379015.1	89.474	19	2	0	1	19	2413	2431	32	26.5
STAT1_R	XM_054379011.1	89.474	19	2	0	1	19	2001	2019	32	26.5
STAT1_R	XM_054362572.1	89.474	19	2	0	1	19	274	292	32	26.5
STAT1_R	XM_054371409.1	100.000	14	0	0	5	18	2906	2893	32	26.5
# blastn
# Iteration: 0
# Query: ISG15_F
# RID: BB04ERFB014
# Database: refseq_rna
# Fields: query acc.ver, subject acc.ver, % identity, alignment length, mismatches, gap opens, q. start, q. end, s. start, s. end, evalue, bit score
# 50 hits found
ISG15_F	NM_005101.4	100.000	19	0	0	1	19	167	185	0.061	35.6
ISG15_F	XM_054323748.1	100.000	15	0	0	5	19	8943	8957	9.1	28.3
ISG15_F	XM_054323750.1	100.000	15	0	0	5	19	9393	9407	9.1	28.3
ISG15_F	XM_054323747.1	100.000	15	0	0	5	19	9534	9548	9.1	28.3
ISG15_F	XM_047440320.1	100.000	15	0	0	5	19	8928	8942	9.1	28.3
ISG15_F	NM_001365649.1	94.118	17	1	0	1	17	1356	1372	32	27.4
ISG15_F	NM_001365650.1	94.118	17	1	0	1	17	927	943	32	27.4
ISG15_F	XR_007095690.1	94.118	17	1	0	1	17	927	943	32	27.4
ISG15_F	XR_007095691.1	94.118	17	1	0	1	17	927	943	32	27.4
ISG15_F	NM_001319948.2	94.118	17	1	0	2	18	527	543	32	27.4
ISG15_F	NM_002774.4	94.118	17	1	0	2	18	684	700	32	27.4
ISG15_F	XM_024451611.2	94.118	17	1	0	2	18	636	652	32	27.4
ISG15_F	XM_047448243.1	94.118	17	1	0	1	17	1114	1130	32	27.4
ISG15_F	NM_001319949.2	94.118	17	1	0	2	18	601	617	32	27.4
ISG15_F	NM_016006.6	94.118	17	1	0	1	17	1046	1062	32	27.4
ISG15_F	NM_001012964.3	94.118	17	1	0	2	18	758	774	32	27.4
ISG15_F	XR_007066368.1	94.118	17	1	0	2	18	1302	1318	32	27.4
ISG15_F	XM_054321477.1	94.118	17	1	0	2	18	637	653	32	27.4
ISG15_F	XM_054346719.1	94.118	17	1	0	1	17	1114	1130	32	27.4
ISG15_F	NM_001012965.3	94.118	17	1	0	2	18	710	726	32	27.4
ISG15_F	NR_158560.1	94.118	17	1	0	1	17	1002	1018	32	27.4
ISG15_F	XR_007095689.1	94.118	17	1	0	1	17	1114	1130	32	27.4
ISG15_F	NM_001355186.2	94.118	17	1	0	1	17	1046	1062	32	27.4
ISG15_F	XM_054363671.1	100.000	14	0	0	2	15	2607	2594	32	26.5
ISG15_F	XM_054339680.1	100.000	14	0	0	4	17	1472	1459	32	26.5
ISG15_F	XM_054363668.1	100.000	14	0	0	2	15	3799	3786	32	26.5
ISG15_F	XM_054347704.1	89.474	19	2	0	1	19	908	926	32	26.5
ISG15_F	XM_054363670.1	100.000	14	0	0	2	15	3727	3714	32	26.5
ISG15_F	XM_054363662.1	100.000	14	0	0	2	15	3949	3936	32	26.5
ISG15_F	XM_054363669.1	100.000	14	0	0	2	15	3730	3717	32	26.5
ISG15_F	XR_007074546.1	100.000	14	0	0	5	18	7780	7793	32	26.5
ISG15_F	XM_054363661.1	100.000	14	0	0	2	15	4021	4008	32	26.5
ISG15_F	XM_054363665.1	100.000	14	0	0	2	15	3832	3819	32	26.5
ISG15_F	XM_054363658.1	100.000	14	0	0	2	15	4051	4038	32	26.5
ISG15_F	XM_054358018.1	100.000	14	0	0	6	19	2665	2678	32	26.5
ISG15_F	XM_054363657.1	100.000	14	0	0	2	15	4054	4041	32	26.5
ISG15_F	XM_054363666.1	100.000	14	0	0	2	15	3829	3816	32	26.5
ISG15_F	XM_054363675.1	100.000	14	0	0	2	15	3919	3906	32	26.5
ISG15_F	XM_054363672.1	100.000	14	0	0	2	15	3700	3687	32	26.5
ISG15_F	XM_054363674.1	100.000	14	0	0	2	15	4217	4204	32	26.5
ISG15_F	XM_054339683.1	100.000	14	0	0	4	17	1447	1434	32	26.5
ISG15_F	XM_054363673.1	100.000	14	0	0	2	15	3697	3684	32	26.5
ISG15_F	XM_054339681.1	100.000	14	0	0	4	17	1472	1459	32	26.5
ISG15_F	NM_001412257.1	89.474	19	2	0	1	19	1225	1243	32	26.5
ISG15_F	XM_054363660.1	100.000	14	0	0	2	15	4024	4011	32	26.5
ISG15_F	XM_054358020.1	100.000	14	0	0	6	19	2444	2457	32	26.5
ISG15_F	XM_054363663.1	100.000	14	0	0	2	15	3919	3906	32	26.5
ISG15_F	XM_054363664.1	100.000	14	0	0	2	15	3886	3873	32	26.5
ISG15_F	XM_054363667.1	100.000	14	0	0	2	15	3802	3789	32	26.5
ISG15_F	XM_054342394.1	89.474	19	2	0	1	19	1745	1763	32	26.5
# blastn
# Iteration: 0
# Query: ISG15_R
# RID: BB04ERFB014
# Database: refseq_rna
# Fields: query acc.ver, subject acc.ver, % identity, alignment length, mismatches, gap opens, q. start, q. end, s. start, s. end, evalue, bit score
# 50 hits found
ISG15_R	NM_005101.4	100.000	18	0	0	1	18	322	305	0.21	33.7
ISG15_R	NM_002170.4	88.889	18	2	0	1	18	204	187	111	24.7
ISG15_R	XM_054336395.1	88.235	17	2	0	2	18	1301	1285	386	22.9
ISG15_R	XM_054358714.1	88.235	17	2	0	2	18	1408	1392	386	22.9
ISG15_R	XM_054336401.1	88.235	17	2	0	2	18	1255	1239	386	22.9
ISG15_R	XM_054336400.1	88.235	17	2	0	2	18	1630	1614	386	22.9
ISG15_R	XM_047420660.1	88.235	17	2	0	2	18	908	892	386	22.9
ISG15_R	XM_054358715.1	88.235	17	2	0	2	18	908	892	386	22.9
ISG15_R	XM_054336398.1	88.235	17	2	0	2	18	1640	1624	386	22.9
ISG15_R	XM_054371053.1	88.235	17	2	0	1	17	6874	6858	386	22.9
ISG15_R	XM_054336391.1	88.235	17	2	0	2	18	1397	1381	386	22.9
ISG15_R	XM_054361228.1	88.235	17	2	0	1	17	5347	5331	386	22.9
ISG15_R	XM_054336394.1	88.235	17	2	0	2	18	1765	1749	386	22.9
ISG15_R	XM_054339008.1	88.235	17	2	0	1	17	8883	8899	386	22.9
ISG15_R	XM_011520301.4	88.235	17	2	0	1	17	1729	1713	386	22.9
ISG15_R	XM_054371049.1	88.235	17	2	0	1	17	7692	7676	386	22.9
ISG15_R	XM_024446848.2	88.235	17	2	0	2	18	908	892	386	22.9
ISG15_R	XM_054369726.1	88.235	17	2	0	1	17	1678	1662	386	22.9
ISG15_R	XM_047428277.1	88.235	17	2	0	1	17	10231	10215	386	22.9
ISG15_R	XM_054369730.1	88.235	17	2	0	1	17	1990	1974	386	22.9
ISG15_R	XM_054336390.1	88.235	17	2	0	2	18	1772	1756	386	22.9
ISG15_R	XM_011537877.4	88.235	17	2	0	1	17	7638	7622	386	22.9
ISG15_R	XM_054371050.1	88.235	17	2	0	1	17	7638	7622	386	22.9
ISG15_R	XM_024446847.2	88.235	17	2	0	2	18	1091	1075	386	22.9
ISG15_R	XM_054361230.1	88.235	17	2	0	1	17	5310	5294	386	22.9
ISG15_R	XM_024446849.2	88.235	17	2	0	2	18	1408	1392	386	22.9
ISG15_R	XM_054336403.1	88.235	17	2	0	2	18	1207	1191	386	22.9
ISG15_R	XM_054339006.1	88.235	17	2	0	1	17	11132	11148	386	22.9
ISG15_R	XR_008488524.1	88.235	17	2	0	1	17	9647	9631	386	22.9
ISG15_R	XM_005268629.5	88.235	17	2	0	1	17	7692	7676	386	22.9
ISG15_R	XM_047427485.1	88.235	17	2	0	1	17	1210	1194	386	22.9
ISG15_R	XM_054336406.1	88.235	17	2	0	2	18	1630	1614	386	22.9
ISG15_R	XM_054369732.1	88.235	17	2	0	1	17	1210	1194	386	22.9
ISG15_R	XM_054336402.1	88.235	17	2	0	2	18	1589	1573	386	22.9
ISG15_R	XM_047422234.1	88.235	17	2	0	1	17	5347	5331	386	22.9
ISG15_R	XM_024448663.2	88.235	17	2	0	1	17	1990	1974	386	22.9
ISG15_R	XM_054336392.1	88.235	17	2	0	2	18	1720	1704	386	22.9
ISG15_R	XM_017018787.2	88.235	17	2	0	1	17	4640	4624	386	22.9
ISG15_R	XM_054371057.1	88.235	17	2	0	1	17	4640	4624	386	22.9
ISG15_R	XM_054371051.1	88.235	17	2	0	1	17	10231	10215	386	22.9
ISG15_R	XM_047420658.1	88.235	17	2	0	2	18	9177	9161	386	22.9
ISG15_R	XM_054336404.1	88.235	17	2	0	2	18	1719	1703	386	22.9
ISG15_R	XM_054336396.1	88.235	17	2	0	2	18	1715	1699	386	22.9
ISG15_R	XM_017013833.3	88.235	17	2	0	1	17	5310	5294	386	22.9
ISG15_R	XR_007063041.1	88.235	17	2	0	1	17	9647	9631	386	22.9
ISG15_R	XM_054336405.1	88.235	17	2	0	2	18	1207	1191	386	22.9
ISG15_R	XM_054336399.1	88.235	17	2	0	2	18	1772	1756	386	22.9
ISG15_R	XM_024446846.2	88.235	17	2	0	2	18	1408	1392	386	22.9
ISG15_R	XM_054358717.1	88.235	17	2	0	2	18	1408	1392	386	22.9
ISG15_R	XM_054336393.1	88.235	17	2	0	2	18	1351	1335	386	22.9
# blastn
# Iteration: 0
# Query: LGALS3BP_F
# RID: BB04ERFB014
# Database: refseq_rna
# Fields: query acc.ver, subject acc.ver, % identity, alignment length, mismatches, gap opens, q. start, q. end, s. start, s. end, evalue, bit score
# 50 hits found
LGALS3BP_F	NM_005567.4	100.000	19	0	0	1	19	485	503	0.061	35.6
LGALS3BP_F	XM_054316043.1	100.000	19	0	0	1	19	588	606	0.061	35.6
LGALS3BP_F	NR_121644.1	100.000	15	0	0	4	18	305	319	9.1	28.3
LGALS3BP_F	XM_047417365.1	94.118	17	1	0	1	17	1806	1822	32	27.4
LGALS3BP_F	NR_164122.1	94.118	17	1	0	1	17	1964	1980	32	27.4
LGALS3BP_F	XM_047417363.1	94.118	17	1	0	1	17	1806	1822	32	27.4
LGALS3BP_F	XM_011514064.3	94.118	17	1	0	1	17	1831	1847	32	27.4
LGALS3BP_F	NM_018140.4	94.118	17	1	0	1	17	1806	1822	32	27.4
LGALS3BP_F	XM_047417367.1	94.118	17	1	0	1	17	1723	1739	32	27.4
LGALS3BP_F	XM_011514063.2	94.118	17	1	0	1	17	1806	1822	32	27.4
LGALS3BP_F	XM_047417366.1	94.118	17	1	0	1	17	1806	1822	32	27.4
LGALS3BP_F	XM_047417364.1	94.118	17	1	0	1	17	1806	1822	32	27.4
LGALS3BP_F	XM_005248322.4	94.118	17	1	0	1	17	1765	1781	32	27.4
LGALS3BP_F	XM_047417368.1	94.118	17	1	0	1	17	1361	1377	32	27.4
LGALS3BP_F	XM_017013144.3	89.474	19	2	0	1	19	2119	2101	32	26.5
LGALS3BP_F	XM_011544426.3	89.474	19	2	0	1	19	2119	2101	32	26.5
LGALS3BP_F	XM_047418290.1	100.000	14	0	0	5	18	597	610	32	26.5
LGALS3BP_F	XM_054359859.1	89.474	19	2	0	1	19	2119	2101	32	26.5
LGALS3BP_F	NM_001278580.2	100.000	14	0	0	4	17	830	817	32	26.5
LGALS3BP_F	XM_047446292.1	100.000	14	0	0	4	17	893	880	32	26.5
LGALS3BP_F	NM_003109.1	89.474	19	2	0	1	19	1520	1502	32	26.5
LGALS3BP_F	XR_007083070.1	100.000	14	0	0	1	14	264	277	32	26.5
LGALS3BP_F	NM_138473.3	89.474	19	2	0	1	19	1602	1584	32	26.5
LGALS3BP_F	XM_011544427.3	89.474	19	2	0	1	19	2119	2101	32	26.5
LGALS3BP_F	XM_024447080.2	89.474	19	2	0	1	19	2119	2101	32	26.5
LGALS3BP_F	XM_054354477.1	100.000	14	0	0	5	18	491	504	32	26.5
LGALS3BP_F	NR_134267.2	89.474	19	2	0	1	19	2119	2101	32	26.5
LGALS3BP_F	NM_001251825.2	89.474	19	2	0	1	19	1458	1440	32	26.5
LGALS3BP_F	XM_054359861.1	89.474	19	2	0	1	19	2119	2101	32	26.5
LGALS3BP_F	NM_017801.3	100.000	14	0	0	6	19	2772	2759	32	26.5
LGALS3BP_F	NM_001031836.3	89.474	19	2	0	1	19	2119	2101	32	26.5
LGALS3BP_F	XR_007083069.1	100.000	14	0	0	1	14	264	277	32	26.5
LGALS3BP_F	XR_007063469.1	100.000	14	0	0	1	14	173	186	32	26.5
LGALS3BP_F	XR_945376.3	100.000	14	0	0	1	14	173	186	32	26.5
LGALS3BP_F	XM_011544424.3	89.474	19	2	0	1	19	2047	2029	32	26.5
LGALS3BP_F	XM_054359860.1	89.474	19	2	0	1	19	2119	2101	32	26.5
LGALS3BP_F	XM_054344507.1	100.000	14	0	0	4	17	912	899	32	26.5
LGALS3BP_F	NM_001278579.2	100.000	14	0	0	4	17	1027	1014	32	26.5
LGALS3BP_F	NM_001616.5	100.000	14	0	0	4	17	882	869	32	26.5
LGALS3BP_F	XM_054359857.1	89.474	19	2	0	1	19	2047	2029	32	26.5
LGALS3BP_F	XM_054359858.1	89.474	19	2	0	1	19	2119	2101	32	26.5
LGALS3BP_F	XM_054361428.1	93.750	16	1	0	1	16	2905	2890	111	25.6
LGALS3BP_F	XM_054350740.1	93.750	16	1	0	4	19	1566	1551	111	25.6
LGALS3BP_F	XM_054346384.1	93.750	16	1	0	3	18	6019	6034	111	25.6
LGALS3BP_F	XM_054316151.1	93.750	16	1	0	2	17	1599	1614	111	25.6
LGALS3BP_F	XM_054361425.1	93.750	16	1	0	1	16	1545	1530	111	25.6
LGALS3BP_F	XM_054350737.1	93.750	16	1	0	4	19	1319	1304	111	25.6
LGALS3BP_F	XM_054350742.1	93.750	16	1	0	4	19	995	980	111	25.6
LGALS3BP_F	XM_054361427.1	93.750	16	1	0	1	16	2614	2599	111	25.6
LGALS3BP_F	XM_054361424.1	93.750	16	1	0	1	16	2614	2599	111	25.6
# blastn
# Iteration: 0
# Query: LGALS3BP_R
# RID: BB04ERFB014
# Database: refseq_rna
# Fields: query acc.ver, subject acc.ver, % identity, alignment length, mismatches, gap opens, q. start, q. end, s. start, s. end, evalue, bit score
# 52 hits found
LGALS3BP_R	NM_005567.4	100.000	19	0	0	1	19	573	555	0.061	35.6
LGALS3BP_R	XM_054316043.1	100.000	19	0	0	1	19	676	658	0.061	35.6
LGALS3BP_R	NR_001558.3	100.000	16	0	0	4	19	3025	3010	2.6	30.1
LGALS3BP_R	XM_047431990.1	94.118	17	1	0	1	17	1521	1537	32	27.4
LGALS3BP_R	NM_001370284.1	94.118	17	1	0	1	17	1353	1369	32	27.4
LGALS3BP_R	XM_024449763.2	94.118	17	1	0	1	17	1335	1351	32	27.4
LGALS3BP_R	XM_054377115.1	94.118	17	1	0	1	17	8686	8702	32	27.4
LGALS3BP_R	XM_054377115.1	88.235	17	2	0	2	18	6840	6856	386	22.9
LGALS3BP_R	XM_054377102.1	94.118	17	1	0	1	17	1200	1216	32	27.4
LGALS3BP_R	NM_001370282.1	94.118	17	1	0	1	17	1632	1648	32	27.4
LGALS3BP_R	XM_054377099.1	94.118	17	1	0	1	17	1528	1544	32	27.4
LGALS3BP_R	XM_054377103.1	94.118	17	1	0	1	17	1632	1648	32	27.4
LGALS3BP_R	XM_054377110.1	94.118	17	1	0	1	17	1632	1648	32	27.4
LGALS3BP_R	XM_054377108.1	94.118	17	1	0	1	17	1632	1648	32	27.4
LGALS3BP_R	XM_024449776.2	94.118	17	1	0	1	17	1521	1537	32	27.4
LGALS3BP_R	XM_047429886.1	94.118	17	1	0	1	17	1505	1489	32	27.4
LGALS3BP_R	XM_017021833.3	94.118	17	1	0	1	17	8689	8705	32	27.4
LGALS3BP_R	XM_017021833.3	88.235	17	2	0	2	18	6840	6856	386	22.9
LGALS3BP_R	XM_017021825.3	94.118	17	1	0	1	17	1632	1648	32	27.4
LGALS3BP_R	XM_054377097.1	94.118	17	1	0	1	17	1353	1369	32	27.4
LGALS3BP_R	XM_024449764.2	94.118	17	1	0	1	17	1617	1633	32	27.4
LGALS3BP_R	XM_054377104.1	94.118	17	1	0	1	17	1506	1522	32	27.4
LGALS3BP_R	NM_001204419.3	94.118	17	1	0	1	17	1089	1105	32	27.4
LGALS3BP_R	XM_054377101.1	94.118	17	1	0	1	17	1506	1522	32	27.4
LGALS3BP_R	NM_001387058.1	94.118	17	1	0	1	17	1490	1474	32	27.4
LGALS3BP_R	NM_001136103.3	94.118	17	1	0	1	17	1505	1489	32	27.4
LGALS3BP_R	XM_054377100.1	94.118	17	1	0	1	17	1521	1537	32	27.4
LGALS3BP_R	NM_001370289.1	94.118	17	1	0	1	17	1182	1198	32	27.4
LGALS3BP_R	XM_054377098.1	94.118	17	1	0	1	17	1182	1198	32	27.4
LGALS3BP_R	XM_054377095.1	94.118	17	1	0	1	17	1182	1198	32	27.4
LGALS3BP_R	XM_017021827.3	94.118	17	1	0	1	17	1632	1648	32	27.4
LGALS3BP_R	XM_017021831.3	94.118	17	1	0	1	17	1632	1648	32	27.4
LGALS3BP_R	XM_047431985.1	94.118	17	1	0	1	17	1051	1067	32	27.4
LGALS3BP_R	XM_054377114.1	94.118	17	1	0	1	17	1521	1537	32	27.4
LGALS3BP_R	NM_001370273.1	94.118	17	1	0	1	17	1632	1648	32	27.4
LGALS3BP_R	XM_024449759.2	94.118	17	1	0	1	17	1632	1648	32	27.4
LGALS3BP_R	XM_024449760.2	94.118	17	1	0	1	17	1353	1369	32	27.4
LGALS3BP_R	NM_001204423.2	94.118	17	1	0	1	17	1078	1094	32	27.4
LGALS3BP_R	XM_054377096.1	94.118	17	1	0	1	17	1737	1753	32	27.4
LGALS3BP_R	XM_017021826.3	94.118	17	1	0	1	17	1632	1648	32	27.4
LGALS3BP_R	XM_017021820.3	94.118	17	1	0	1	17	1521	1537	32	27.4
LGALS3BP_R	XM_024449761.2	94.118	17	1	0	1	17	1737	1753	32	27.4
LGALS3BP_R	XM_017021828.3	94.118	17	1	0	1	17	1632	1648	32	27.4
LGALS3BP_R	XM_047431988.1	94.118	17	1	0	1	17	605	621	32	27.4
LGALS3BP_R	NM_001370287.1	94.118	17	1	0	1	17	1632	1648	32	27.4
LGALS3BP_R	XM_054377111.1	94.118	17	1	0	1	17	1632	1648	32	27.4
LGALS3BP_R	NM_001370272.1	94.118	17	1	0	1	17	1200	1216	32	27.4
LGALS3BP_R	XM_011537397.2	94.118	17	1	0	1	17	796	812	32	27.4
LGALS3BP_R	XM_054373842.1	94.118	17	1	0	1	17	1505	1489	32	27.4
LGALS3BP_R	XM_017021830.3	94.118	17	1	0	1	17	1632	1648	32	27.4
LGALS3BP_R	NM_001370276.1	94.118	17	1	0	1	17	1200	1216	32	27.4
LGALS3BP_R	NR_135235.2	94.118	17	1	0	1	17	1200	1216	32	27.4
# blastn
# Iteration: 0
# Query: MARCKS_F
# RID: BB04ERFB014
# Database: refseq_rna
# Fields: query acc.ver, subject acc.ver, % identity, alignment length, mismatches, gap opens, q. start, q. end, s. start, s. end, evalue, bit score
# 50 hits found
MARCKS_F	NM_002356.7	100.000	18	0	0	1	18	407	424	0.21	33.7
MARCKS_F	NR_178002.1	100.000	16	0	0	1	16	4026	4011	2.6	30.1
MARCKS_F	NR_178009.1	100.000	16	0	0	1	16	3532	3517	2.6	30.1
MARCKS_F	NR_178014.1	100.000	16	0	0	1	16	3615	3600	2.6	30.1
MARCKS_F	NR_178015.1	100.000	16	0	0	1	16	3417	3402	2.6	30.1
MARCKS_F	NR_178007.1	100.000	16	0	0	1	16	3522	3507	2.6	30.1
MARCKS_F	NR_178005.1	100.000	16	0	0	1	16	3415	3400	2.6	30.1
MARCKS_F	XR_007066261.1	100.000	15	0	0	1	15	3652	3666	9.1	28.3
MARCKS_F	NM_001042388.3	100.000	15	0	0	1	15	1553	1567	9.1	28.3
MARCKS_F	XM_054319424.1	100.000	15	0	0	1	15	4079	4093	9.1	28.3
MARCKS_F	NM_005134.4	100.000	15	0	0	1	15	1502	1516	9.1	28.3
MARCKS_F	XM_011523300.3	100.000	15	0	0	1	15	559	545	9.1	28.3
MARCKS_F	NR_168403.1	100.000	15	0	0	1	15	1502	1516	9.1	28.3
MARCKS_F	XM_047437979.1	100.000	15	0	0	1	15	1169	1183	9.1	28.3
MARCKS_F	XM_047437980.1	100.000	15	0	0	1	15	3652	3666	9.1	28.3
MARCKS_F	XM_054319420.1	100.000	15	0	0	1	15	4253	4267	9.1	28.3
MARCKS_F	XM_047437975.1	100.000	15	0	0	1	15	1343	1357	9.1	28.3
MARCKS_F	XM_047437973.1	100.000	15	0	0	1	15	3442	3456	9.1	28.3
MARCKS_F	XM_054319425.1	100.000	15	0	0	1	15	1319	1333	9.1	28.3
MARCKS_F	XM_054313754.1	100.000	15	0	0	1	15	559	545	9.1	28.3
MARCKS_F	XM_054319422.1	100.000	15	0	0	1	15	4130	4144	9.1	28.3
MARCKS_F	XM_054319418.1	100.000	15	0	0	1	15	4412	4426	9.1	28.3
MARCKS_F	XM_047437977.1	100.000	15	0	0	1	15	3086	3100	9.1	28.3
MARCKS_F	XM_011525776.2	100.000	15	0	0	1	15	3601	3615	9.1	28.3
MARCKS_F	XM_017026105.3	100.000	15	0	0	1	15	3493	3507	9.1	28.3
MARCKS_F	XM_054319419.1	100.000	15	0	0	1	15	4304	4318	9.1	28.3
MARCKS_F	XM_011525779.4	100.000	15	0	0	1	15	3319	3333	9.1	28.3
MARCKS_F	XM_011525775.4	100.000	15	0	0	1	15	3652	3666	9.1	28.3
MARCKS_F	NR_168404.1	100.000	15	0	0	1	15	1553	1567	9.1	28.3
MARCKS_F	NR_052003.2	100.000	15	0	0	1	15	1395	1409	9.1	28.3
MARCKS_F	XM_047437976.1	100.000	15	0	0	1	15	3268	3282	9.1	28.3
MARCKS_F	XM_047437974.1	100.000	15	0	0	1	15	1394	1408	9.1	28.3
MARCKS_F	XM_054319417.1	100.000	15	0	0	1	15	4463	4477	9.1	28.3
MARCKS_F	XM_047437978.1	100.000	15	0	0	1	15	1220	1234	9.1	28.3
MARCKS_F	NM_001382562.1	100.000	15	0	0	1	15	1395	1409	9.1	28.3
MARCKS_F	XR_008485037.1	100.000	15	0	0	1	15	4463	4477	9.1	28.3
MARCKS_F	XM_054365678.1	94.118	17	1	0	2	18	5869	5853	32	27.4
MARCKS_F	XM_054365677.1	94.118	17	1	0	2	18	5799	5783	32	27.4
MARCKS_F	XM_011535150.3	94.118	17	1	0	2	18	5103	5087	32	27.4
MARCKS_F	XM_047425127.1	94.118	17	1	0	2	18	5823	5807	32	27.4
MARCKS_F	XM_054365679.1	94.118	17	1	0	2	18	5658	5642	32	27.4
MARCKS_F	XM_054365675.1	94.118	17	1	0	2	18	5775	5759	32	27.4
MARCKS_F	XM_047425131.1	94.118	17	1	0	2	18	5658	5642	32	27.4
MARCKS_F	XM_011539729.4	94.118	17	1	0	2	18	5775	5759	32	27.4
MARCKS_F	XR_007075573.1	94.118	17	1	0	2	18	2726	2742	32	27.4
MARCKS_F	XM_047425129.1	94.118	17	1	0	2	18	5799	5783	32	27.4
MARCKS_F	XM_054365674.1	94.118	17	1	0	2	18	5823	5807	32	27.4
MARCKS_F	XM_005269718.3	94.118	17	1	0	2	18	5917	5901	32	27.4
MARCKS_F	XM_054374753.1	94.118	17	1	0	2	18	5103	5087	32	27.4
MARCKS_F	XM_054365676.1	94.118	17	1	0	2	18	5917	5901	32	27.4
# blastn
# Iteration: 0
# Query: MARCKS_R
# RID: BB04ERFB014
# Database: refseq_rna
# Fields: query acc.ver, subject acc.ver, % identity, alignment length, mismatches, gap opens, q. start, q. end, s. start, s. end, evalue, bit score
# 50 hits found
MARCKS_R	NM_002356.7	100.000	18	0	0	1	18	530	513	0.21	33.7
MARCKS_R	XM_054378350.1	100.000	14	0	0	5	18	2760	2747	32	26.5
MARCKS_R	NM_181877.4	100.000	14	0	0	5	18	2667	2654	32	26.5
MARCKS_R	XM_024449976.2	100.000	14	0	0	5	18	2085	2072	32	26.5
MARCKS_R	XM_054378347.1	100.000	14	0	0	5	18	2085	2072	32	26.5
MARCKS_R	XM_024449978.2	100.000	14	0	0	5	18	2760	2747	32	26.5
MARCKS_R	XM_047432781.1	100.000	14	0	0	5	18	3047	3034	32	26.5
MARCKS_R	XM_024449975.2	100.000	14	0	0	5	18	2720	2707	32	26.5
MARCKS_R	XM_054335528.1	93.750	16	1	0	3	18	3661	3676	111	25.6
MARCKS_R	XM_054335517.1	93.750	16	1	0	3	18	3694	3709	111	25.6
MARCKS_R	XM_011541099.2	93.750	16	1	0	3	18	3481	3496	111	25.6
MARCKS_R	XM_047416380.1	93.750	16	1	0	3	18	3580	3595	111	25.6
MARCKS_R	XM_047416389.1	93.750	16	1	0	3	18	3481	3496	111	25.6
MARCKS_R	XM_054335543.1	93.750	16	1	0	3	18	3448	3463	111	25.6
MARCKS_R	XM_047416381.1	93.750	16	1	0	3	18	3562	3577	111	25.6
MARCKS_R	XM_054335510.1	93.750	16	1	0	3	18	3775	3790	111	25.6
MARCKS_R	XM_054335531.1	93.750	16	1	0	3	18	3580	3595	111	25.6
MARCKS_R	XM_017000807.3	93.750	16	1	0	3	18	3562	3577	111	25.6
MARCKS_R	XM_047416417.1	93.750	16	1	0	3	18	3328	3343	111	25.6
MARCKS_R	XM_054335546.1	93.750	16	1	0	3	18	3442	3457	111	25.6
MARCKS_R	XM_047416394.1	93.750	16	1	0	3	18	3475	3490	111	25.6
MARCKS_R	XM_054335515.1	93.750	16	1	0	3	18	3694	3709	111	25.6
MARCKS_R	XM_054335514.1	93.750	16	1	0	3	18	3694	3709	111	25.6
MARCKS_R	XM_054335512.1	93.750	16	1	0	3	18	3775	3790	111	25.6
MARCKS_R	XM_054335520.1	93.750	16	1	0	3	18	3694	3709	111	25.6
MARCKS_R	XM_017000806.2	93.750	16	1	0	3	18	3562	3577	111	25.6
MARCKS_R	XM_054335536.1	93.750	16	1	0	3	18	3562	3577	111	25.6
MARCKS_R	XM_047416411.1	93.750	16	1	0	3	18	3448	3463	111	25.6
MARCKS_R	XM_054335525.1	93.750	16	1	0	3	18	3694	3709	111	25.6
MARCKS_R	XM_047416428.1	93.750	16	1	0	3	18	2844	2859	111	25.6
MARCKS_R	XM_054335534.1	93.750	16	1	0	3	18	3562	3577	111	25.6
MARCKS_R	XM_047416421.1	93.750	16	1	0	3	18	3328	3343	111	25.6
MARCKS_R	XM_054335541.1	93.750	16	1	0	3	18	3481	3496	111	25.6
MARCKS_R	XM_054335538.1	93.750	16	1	0	3	18	3562	3577	111	25.6
MARCKS_R	XM_047416388.1	93.750	16	1	0	3	18	3475	3490	111	25.6
MARCKS_R	XM_017000808.2	93.750	16	1	0	3	18	3442	3457	111	25.6
MARCKS_R	XM_047416398.1	93.750	16	1	0	3	18	3448	3463	111	25.6
MARCKS_R	XM_054335516.1	93.750	16	1	0	3	18	3688	3703	111	25.6
MARCKS_R	XM_017000810.3	93.750	16	1	0	3	18	3442	3457	111	25.6
MARCKS_R	XM_047416392.1	93.750	16	1	0	3	18	3448	3463	111	25.6
MARCKS_R	XM_054335557.1	93.750	16	1	0	3	18	2844	2859	111	25.6
MARCKS_R	XM_054335523.1	93.750	16	1	0	3	18	3661	3676	111	25.6
MARCKS_R	XM_047416413.1	93.750	16	1	0	3	18	3367	3382	111	25.6
MARCKS_R	XM_054335544.1	93.750	16	1	0	3	18	3442	3457	111	25.6
MARCKS_R	XM_054335532.1	93.750	16	1	0	3	18	3562	3577	111	25.6
MARCKS_R	XM_054335548.1	93.750	16	1	0	3	18	3442	3457	111	25.6
MARCKS_R	XM_054335527.1	93.750	16	1	0	3	18	3661	3676	111	25.6
MARCKS_R	XM_054335519.1	93.750	16	1	0	3	18	3688	3703	111	25.6
MARCKS_R	XM_054335552.1	93.750	16	1	0	3	18	3367	3382	111	25.6
MARCKS_R	XM_054335511.1	93.750	16	1	0	3	18	3775	3790	111	25.6
# blastn
# Iteration: 0
# Query: ACTB_F
# RID: BB04ERFB014
# Database: refseq_rna
# Fields: query acc.ver, subject acc.ver, % identity, alignment length, mismatches, gap opens, q. start, q. end, s. start, s. end, evalue, bit score
# 50 hits found
ACTB_F	NR_004845.2	100.000	20	0	0	1	20	654	673	0.018	37.4
ACTB_F	NM_001101.5	100.000	20	0	0	1	20	1065	1084	0.018	37.4
ACTB_F	XM_017006625.3	94.737	19	1	0	2	20	1251	1269	2.6	31.0
ACTB_F	XM_047448319.1	94.737	19	1	0	2	20	1188	1206	2.6	31.0
ACTB_F	NM_182943.3	94.737	19	1	0	2	20	1429	1447	2.6	31.0
ACTB_F	NM_000935.3	94.737	19	1	0	2	20	1429	1447	2.6	31.0
ACTB_F	XM_047448320.1	94.737	19	1	0	2	20	1429	1447	2.6	31.0
ACTB_F	NR_152112.3	100.000	16	0	0	1	16	3148	3133	2.6	30.1
ACTB_F	NR_152111.3	100.000	16	0	0	1	16	3263	3248	2.6	30.1
ACTB_F	NR_152114.3	100.000	16	0	0	1	16	3277	3262	2.6	30.1
ACTB_F	NR_152113.3	100.000	16	0	0	1	16	3228	3213	2.6	30.1
ACTB_F	NM_001406462.1	94.444	18	1	0	1	18	1484	1501	9.1	29.2
ACTB_F	NM_001406464.1	94.444	18	1	0	1	18	1198	1215	9.1	29.2
ACTB_F	XM_054343492.1	94.444	18	1	0	1	18	3115	3132	9.1	29.2
ACTB_F	XM_024453046.2	94.444	18	1	0	1	18	3214	3231	9.1	29.2
ACTB_F	XM_054343706.1	94.444	18	1	0	1	18	4343	4360	9.1	29.2
ACTB_F	NM_001320855.2	94.444	18	1	0	1	18	1326	1343	9.1	29.2
ACTB_F	NM_001406463.1	94.444	18	1	0	1	18	1567	1584	9.1	29.2
ACTB_F	XM_047444420.1	94.444	18	1	0	1	18	1858	1875	9.1	29.2
ACTB_F	XM_054343474.1	94.444	18	1	0	1	18	1978	1995	9.1	29.2
ACTB_F	XM_017004732.3	94.444	18	1	0	1	18	3230	3247	9.1	29.2
ACTB_F	NM_001141945.3	94.444	18	1	0	1	18	1409	1426	9.1	29.2
ACTB_F	XM_047444421.1	94.444	18	1	0	1	18	4317	4334	9.1	29.2
ACTB_F	NM_001278617.2	94.444	18	1	0	3	20	1207	1224	9.1	29.2
ACTB_F	XM_047444419.1	94.444	18	1	0	1	18	1903	1920	9.1	29.2
ACTB_F	XM_017004834.2	94.444	18	1	0	1	18	1978	1995	9.1	29.2
ACTB_F	XM_054343472.1	94.444	18	1	0	1	18	3242	3259	9.1	29.2
ACTB_F	NM_001406471.1	94.444	18	1	0	1	18	1217	1234	9.1	29.2
ACTB_F	XM_047445721.1	94.444	18	1	0	1	18	4171	4188	9.1	29.2
ACTB_F	XM_017004734.3	94.444	18	1	0	1	18	1907	1924	9.1	29.2
ACTB_F	NM_001406467.1	94.444	18	1	0	1	18	1197	1214	9.1	29.2
ACTB_F	XM_054343494.1	94.444	18	1	0	1	18	1905	1922	9.1	29.2
ACTB_F	XM_017004741.3	94.444	18	1	0	1	18	3114	3131	9.1	29.2
ACTB_F	XM_017004733.2	94.444	18	1	0	1	18	1978	1995	9.1	29.2
ACTB_F	XM_017004743.3	94.444	18	1	0	1	18	1906	1923	9.1	29.2
ACTB_F	XM_054343475.1	94.444	18	1	0	1	18	1915	1932	9.1	29.2
ACTB_F	NM_001406468.1	94.444	18	1	0	1	18	1280	1297	9.1	29.2
ACTB_F	XM_017004742.2	94.444	18	1	0	1	18	1978	1995	9.1	29.2
ACTB_F	NM_001406466.1	94.444	18	1	0	1	18	942	959	9.1	29.2
ACTB_F	XM_017004833.2	94.444	18	1	0	1	18	3256	3273	9.1	29.2
ACTB_F	XM_047445616.1	94.444	18	1	0	3	20	1207	1224	9.1	29.2
ACTB_F	XM_054342143.1	94.444	18	1	0	1	18	1857	1874	9.1	29.2
ACTB_F	XM_017004835.2	94.444	18	1	0	1	18	1915	1932	9.1	29.2
ACTB_F	XM_054332885.1	94.444	18	1	0	1	18	4319	4336	9.1	29.2
ACTB_F	NM_001278616.2	94.444	18	1	0	3	20	1147	1164	9.1	29.2
ACTB_F	XM_054342144.1	94.444	18	1	0	1	18	4304	4321	9.1	29.2
ACTB_F	XM_047444418.1	94.444	18	1	0	1	18	3981	3998	9.1	29.2
ACTB_F	XM_054342142.1	94.444	18	1	0	1	18	1903	1920	9.1	29.2
ACTB_F	NM_001406469.1	94.444	18	1	0	1	18	924	941	9.1	29.2
ACTB_F	XM_054343473.1	94.444	18	1	0	1	18	3214	3231	9.1	29.2
# blastn
# Iteration: 0
# Query: ACTB_R
# RID: BB04ERFB014
# Database: refseq_rna
# Fields: query acc.ver, subject acc.ver, % identity, alignment length, mismatches, gap opens, q. start, q. end, s. start, s. end, evalue, bit score
# 50 hits found
ACTB_R	NM_001083538.3	100.000	20	0	0	1	20	3815	3796	0.018	37.4
ACTB_R	XM_054343492.1	100.000	20	0	0	1	20	3221	3202	0.018	37.4
ACTB_R	XM_024453046.2	100.000	20	0	0	1	20	3320	3301	0.018	37.4
ACTB_R	XM_054343706.1	100.000	20	0	0	1	20	4449	4430	0.018	37.4
ACTB_R	XM_047444420.1	100.000	20	0	0	1	20	1964	1945	0.018	37.4
ACTB_R	XM_054343474.1	100.000	20	0	0	1	20	2084	2065	0.018	37.4
ACTB_R	XM_017004732.3	100.000	20	0	0	1	20	3336	3317	0.018	37.4
ACTB_R	XM_047444421.1	100.000	20	0	0	1	20	4423	4404	0.018	37.4
ACTB_R	XM_047444419.1	100.000	20	0	0	1	20	2009	1990	0.018	37.4
ACTB_R	XM_017004834.2	100.000	20	0	0	1	20	2084	2065	0.018	37.4
ACTB_R	XM_054343472.1	100.000	20	0	0	1	20	3348	3329	0.018	37.4
ACTB_R	XM_047445721.1	100.000	20	0	0	1	20	4277	4258	0.018	37.4
ACTB_R	NM_001145442.1	100.000	20	0	0	1	20	2868	2849	0.018	37.4
ACTB_R	NM_001277406.2	100.000	20	0	0	1	20	3280	3261	0.018	37.4
ACTB_R	XM_017004734.3	100.000	20	0	0	1	20	2013	1994	0.018	37.4
ACTB_R	XM_054343494.1	100.000	20	0	0	1	20	2011	1992	0.018	37.4
ACTB_R	XM_017004741.3	100.000	20	0	0	1	20	3220	3201	0.018	37.4
ACTB_R	XM_017004733.2	100.000	20	0	0	1	20	2084	2065	0.018	37.4
ACTB_R	XM_017004743.3	100.000	20	0	0	1	20	2012	1993	0.018	37.4
ACTB_R	XM_054343475.1	100.000	20	0	0	1	20	2021	2002	0.018	37.4
ACTB_R	XM_017004742.2	100.000	20	0	0	1	20	2084	2065	0.018	37.4
ACTB_R	NM_001099771.2	100.000	20	0	0	1	20	3587	3568	0.018	37.4
ACTB_R	XM_017004833.2	100.000	20	0	0	1	20	3362	3343	0.018	37.4
ACTB_R	NM_001101.5	100.000	20	0	0	1	20	1171	1152	0.018	37.4
ACTB_R	XM_054342143.1	100.000	20	0	0	1	20	1963	1944	0.018	37.4
ACTB_R	XM_017004835.2	100.000	20	0	0	1	20	2021	2002	0.018	37.4
ACTB_R	XM_054332885.1	100.000	20	0	0	1	20	4425	4406	0.018	37.4
ACTB_R	XM_054342144.1	100.000	20	0	0	1	20	4410	4391	0.018	37.4
ACTB_R	XM_047444418.1	100.000	20	0	0	1	20	4087	4068	0.018	37.4
ACTB_R	XM_054342142.1	100.000	20	0	0	1	20	2009	1990	0.018	37.4
ACTB_R	NM_001277083.2	100.000	20	0	0	1	20	3169	3150	0.018	37.4
ACTB_R	NM_001371926.1	100.000	20	0	0	1	20	3386	3367	0.018	37.4
ACTB_R	XM_054343473.1	100.000	20	0	0	1	20	3320	3301	0.018	37.4
ACTB_R	NR_004845.2	100.000	18	0	0	3	20	758	741	0.21	33.7
ACTB_R	NR_033926.1	95.000	20	1	0	1	20	1882	1863	0.75	32.8
ACTB_R	NM_001199954.3	94.444	18	1	0	3	20	1276	1259	9.1	29.2
ACTB_R	NR_037688.3	94.444	18	1	0	3	20	1157	1140	9.1	29.2
ACTB_R	NM_001100.4	94.444	18	1	0	3	20	1194	1177	9.1	29.2
ACTB_R	NR_002929.2	94.444	18	1	0	3	20	1363	1346	9.1	29.2
ACTB_R	NM_024533.5	95.000	20	0	1	1	19	2211	2192	9.1	29.2
ACTB_R	NM_001614.5	94.444	18	1	0	3	20	1157	1140	9.1	29.2
ACTB_R	XM_054379098.1	90.000	20	2	0	1	20	3919	3900	9.1	28.3
ACTB_R	XM_054353995.1	100.000	15	0	0	5	19	340	354	9.1	28.3
ACTB_R	XM_054379090.1	90.000	20	2	0	1	20	3926	3907	9.1	28.3
ACTB_R	XM_054379099.1	90.000	20	2	0	1	20	3878	3859	9.1	28.3
ACTB_R	XM_054379092.1	90.000	20	2	0	1	20	4204	4185	9.1	28.3
ACTB_R	XM_054379094.1	90.000	20	2	0	1	20	6517	6498	9.1	28.3
ACTB_R	XM_054379103.1	90.000	20	2	0	1	20	3928	3909	9.1	28.3
ACTB_R	XM_054379096.1	90.000	20	2	0	1	20	3878	3859	9.1	28.3
ACTB_R	XM_054379102.1	90.000	20	2	0	1	20	3878	3859	9.1	28.3
# blastn
# Iteration: 0
# Query: GAPDH_F
# RID: BB04ERFB014
# Database: refseq_rna
# Fields: query acc.ver, subject acc.ver, % identity, alignment length, mismatches, gap opens, q. start, q. end, s. start, s. end, evalue, bit score
# 50 hits found
GAPDH_F	NM_001357943.2	100.000	20	0	0	1	20	441	460	0.018	37.4
GAPDH_F	NM_001289745.3	100.000	20	0	0	1	20	587	606	0.018	37.4
GAPDH_F	NM_001289746.2	100.000	20	0	0	1	20	735	754	0.018	37.4
GAPDH_F	NM_002046.7	100.000	20	0	0	1	20	495	514	0.018	37.4
GAPDH_F	NM_001256799.3	100.000	20	0	0	1	20	596	615	0.018	37.4
GAPDH_F	NM_001377321.1	95.000	20	1	0	1	20	4383	4402	0.75	32.8
GAPDH_F	NM_080282.4	95.000	20	1	0	1	20	4739	4758	0.75	32.8
GAPDH_F	NR_002451.2	94.737	19	1	0	2	20	771	789	2.6	31.0
GAPDH_F	NM_015103.3	94.444	18	1	0	3	20	821	838	9.1	29.2
GAPDH_F	XM_054345796.1	94.444	18	1	0	3	20	821	838	9.1	29.2
GAPDH_F	XM_054345795.1	94.444	18	1	0	3	20	821	838	9.1	29.2
GAPDH_F	XM_011512590.3	94.444	18	1	0	3	20	821	838	9.1	29.2
GAPDH_F	XM_054345794.1	94.444	18	1	0	3	20	821	838	9.1	29.2
GAPDH_F	XM_011512588.3	94.444	18	1	0	3	20	821	838	9.1	29.2
GAPDH_F	XM_047447765.1	94.444	18	1	0	3	20	821	838	9.1	29.2
GAPDH_F	XM_011512589.2	94.444	18	1	0	3	20	821	838	9.1	29.2
GAPDH_F	XM_047447766.1	94.444	18	1	0	3	20	821	838	9.1	29.2
GAPDH_F	NR_109915.1	94.444	18	1	0	2	19	586	569	9.1	29.2
GAPDH_F	XM_054345792.1	94.444	18	1	0	3	20	821	838	9.1	29.2
GAPDH_F	XR_925449.2	94.444	18	1	0	1	18	217	200	9.1	29.2
GAPDH_F	XM_054345793.1	94.444	18	1	0	3	20	821	838	9.1	29.2
GAPDH_F	NM_001445504.1	100.000	15	0	0	1	15	1737	1751	9.1	28.3
GAPDH_F	XM_054319866.1	100.000	15	0	0	5	19	507	521	9.1	28.3
GAPDH_F	NM_001445506.1	100.000	15	0	0	1	15	1771	1785	9.1	28.3
GAPDH_F	XM_017013380.2	100.000	15	0	0	2	16	2316	2302	9.1	28.3
GAPDH_F	XM_017013381.3	100.000	15	0	0	2	16	2501	2487	9.1	28.3
GAPDH_F	XM_054319869.1	100.000	15	0	0	5	19	1356	1370	9.1	28.3
GAPDH_F	XR_007070456.1	100.000	15	0	0	4	18	749	735	9.1	28.3
GAPDH_F	XM_005278385.6	100.000	15	0	0	5	19	1360	1374	9.1	28.3
GAPDH_F	XM_054319864.1	100.000	15	0	0	5	19	1356	1370	9.1	28.3
GAPDH_F	XM_054319865.1	100.000	15	0	0	5	19	339	353	9.1	28.3
GAPDH_F	XM_054373096.1	100.000	15	0	0	1	15	1703	1717	9.1	28.3
GAPDH_F	XM_054319868.1	100.000	15	0	0	5	19	127	141	9.1	28.3
GAPDH_F	XM_054319871.1	100.000	15	0	0	5	19	232	246	9.1	28.3
GAPDH_F	XM_054360408.1	100.000	15	0	0	2	16	2316	2302	9.1	28.3
GAPDH_F	XM_054319870.1	100.000	15	0	0	5	19	300	314	9.1	28.3
GAPDH_F	XM_006723035.3	100.000	15	0	0	5	19	227	241	9.1	28.3
GAPDH_F	XM_024451373.2	100.000	15	0	0	5	19	309	323	9.1	28.3
GAPDH_F	XR_007069937.1	100.000	15	0	0	6	20	1350	1336	9.1	28.3
GAPDH_F	XM_054360409.1	100.000	15	0	0	2	16	2501	2487	9.1	28.3
GAPDH_F	XM_054319874.1	100.000	15	0	0	5	19	300	314	9.1	28.3
GAPDH_F	XM_054319872.1	100.000	15	0	0	5	19	1356	1370	9.1	28.3
GAPDH_F	XM_054319867.1	100.000	15	0	0	5	19	423	437	9.1	28.3
GAPDH_F	XM_024451376.2	100.000	15	0	0	5	19	1321	1335	9.1	28.3
GAPDH_F	XM_017013383.2	100.000	15	0	0	2	16	2169	2155	9.1	28.3
GAPDH_F	XM_054360411.1	100.000	15	0	0	2	16	2169	2155	9.1	28.3
GAPDH_F	XM_024451378.2	100.000	15	0	0	5	19	309	323	9.1	28.3
GAPDH_F	NM_001445505.1	100.000	15	0	0	1	15	1873	1887	9.1	28.3
GAPDH_F	XM_024451375.2	100.000	15	0	0	5	19	309	323	9.1	28.3
GAPDH_F	XM_054319873.1	100.000	15	0	0	5	19	1317	1331	9.1	28.3
# blastn
# Iteration: 0
# Query: GAPDH_R
# RID: BB04ERFB014
# Database: refseq_rna
# Fields: query acc.ver, subject acc.ver, % identity, alignment length, mismatches, gap opens, q. start, q. end, s. start, s. end, evalue, bit score
# 58 hits found
GAPDH_R	NM_001357943.2	100.000	19	0	0	1	19	554	536	0.061	35.6
GAPDH_R	NM_001289745.3	100.000	19	0	0	1	19	700	682	0.061	35.6
GAPDH_R	NM_001289746.2	100.000	19	0	0	1	19	848	830	0.061	35.6
GAPDH_R	NM_002046.7	100.000	19	0	0	1	19	608	590	0.061	35.6
GAPDH_R	NM_001256799.3	100.000	19	0	0	1	19	709	691	0.061	35.6
GAPDH_R	XR_007059630.1	94.737	19	1	0	1	19	2957	2975	2.6	31.0
GAPDH_R	NM_001382757.1	100.000	15	0	0	5	19	1152	1166	9.1	28.3
GAPDH_R	NM_001382766.1	100.000	15	0	0	5	19	899	913	9.1	28.3
GAPDH_R	NM_001382768.1	100.000	15	0	0	5	19	954	968	9.1	28.3
GAPDH_R	NM_001382767.1	100.000	15	0	0	5	19	1044	1058	9.1	28.3
GAPDH_R	NM_001257971.2	100.000	15	0	0	5	19	954	968	9.1	28.3
GAPDH_R	NM_001912.5	100.000	15	0	0	5	19	1044	1058	9.1	28.3
GAPDH_R	NM_001257973.2	100.000	15	0	0	5	19	469	483	9.1	28.3
GAPDH_R	XM_054334293.1	100.000	15	0	0	3	17	1599	1585	9.1	28.3
GAPDH_R	XM_054334295.1	100.000	15	0	0	3	17	1633	1619	9.1	28.3
GAPDH_R	NM_001257972.2	100.000	15	0	0	5	19	895	909	9.1	28.3
GAPDH_R	XM_054334294.1	100.000	15	0	0	3	17	1636	1622	9.1	28.3
GAPDH_R	NM_145918.3	100.000	15	0	0	5	19	899	913	9.1	28.3
GAPDH_R	XM_011540635.4	100.000	15	0	0	3	17	1636	1622	9.1	28.3
GAPDH_R	XM_017000266.3	100.000	15	0	0	3	17	1599	1585	9.1	28.3
GAPDH_R	NM_001382758.1	100.000	15	0	0	5	19	756	770	9.1	28.3
GAPDH_R	XM_047444909.1	100.000	15	0	0	3	17	1633	1619	9.1	28.3
GAPDH_R	NM_001164695.2	94.118	17	1	0	2	18	6858	6874	32	27.4
GAPDH_R	NR_134655.2	94.118	17	1	0	2	18	6970	6986	32	27.4
GAPDH_R	NM_001318495.2	94.118	17	1	0	2	18	6729	6745	32	27.4
GAPDH_R	NM_203395.3	94.118	17	1	0	2	18	6797	6813	32	27.4
GAPDH_R	XM_011527954.4	94.118	17	1	0	3	19	917	901	32	27.4
GAPDH_R	XM_054320796.1	94.118	17	1	0	3	19	914	898	32	27.4
GAPDH_R	NM_001001827.2	94.118	17	1	0	1	17	1773	1789	32	27.4
GAPDH_R	NM_001001827.2	93.750	16	1	0	2	17	1454	1469	111	25.6
GAPDH_R	NM_001001827.2	93.750	16	1	0	2	17	1490	1505	111	25.6
GAPDH_R	NM_001001827.2	88.889	18	2	0	2	19	1418	1435	111	24.7
GAPDH_R	NM_001001827.2	88.889	18	2	0	2	19	1560	1577	111	24.7
GAPDH_R	NM_001004136.2	94.118	17	1	0	1	17	2199	2215	32	27.4
GAPDH_R	NM_001004136.2	93.750	16	1	0	2	17	1880	1895	111	25.6
GAPDH_R	NM_001004136.2	93.750	16	1	0	2	17	1916	1931	111	25.6
GAPDH_R	NM_001004136.2	88.889	18	2	0	2	19	1844	1861	111	24.7
GAPDH_R	NM_001004136.2	88.889	18	2	0	2	19	1986	2003	111	24.7
GAPDH_R	NM_001164694.2	94.118	17	1	0	2	18	6909	6925	32	27.4
GAPDH_R	XM_054345586.1	89.474	19	2	0	1	19	960	942	32	26.5
GAPDH_R	XM_054341316.1	100.000	14	0	0	1	14	794	807	32	26.5
GAPDH_R	XM_054345593.1	89.474	19	2	0	1	19	960	942	32	26.5
GAPDH_R	XM_054341315.1	100.000	14	0	0	1	14	794	807	32	26.5
GAPDH_R	XM_054345596.1	89.474	19	2	0	1	19	960	942	32	26.5
GAPDH_R	XM_054345590.1	89.474	19	2	0	1	19	837	819	32	26.5
GAPDH_R	XM_054345585.1	89.474	19	2	0	1	19	960	942	32	26.5
GAPDH_R	XM_054345601.1	89.474	19	2	0	1	19	960	942	32	26.5
GAPDH_R	XM_054350202.1	89.474	19	2	0	1	19	2396	2414	32	26.5
GAPDH_R	XM_054345587.1	89.474	19	2	0	1	19	960	942	32	26.5
GAPDH_R	XM_054345599.1	89.474	19	2	0	1	19	333	315	32	26.5
GAPDH_R	XM_054351513.1	100.000	14	0	0	2	15	3133	3146	32	26.5
GAPDH_R	XM_054350203.1	89.474	19	2	0	1	19	305	323	32	26.5
GAPDH_R	XM_054350204.1	89.474	19	2	0	1	19	245	263	32	26.5
GAPDH_R	XM_054345595.1	89.474	19	2	0	1	19	960	942	32	26.5
GAPDH_R	XM_054345589.1	89.474	19	2	0	1	19	960	942	32	26.5
GAPDH_R	XM_054350201.1	89.474	19	2	0	1	19	898	916	32	26.5
GAPDH_R	XM_054345594.1	89.474	19	2	0	1	19	960	942	32	26.5
GAPDH_R	XM_054345584.1	89.474	19	2	0	1	19	960	942	32	26.5
# blastn
# Iteration: 0
# Query: RPLP0_F
# RID: BB04ERFB014
# Database: refseq_rna
# Fields: query acc.ver, subject acc.ver, % identity, alignment length, mismatches, gap opens, q. start, q. end, s. start, s. end, evalue, bit score
# 50 hits found
RPLP0_F	NM_053275.4	100.000	19	0	0	1	19	594	612	0.061	35.6
RPLP0_F	NM_001002.4	100.000	19	0	0	1	19	534	552	0.061	35.6
RPLP0_F	NM_001271752.1	94.737	19	1	0	1	19	790	772	2.6	31.0
RPLP0_F	NR_002775.2	94.737	19	1	0	1	19	1212	1230	2.6	31.0
RPLP0_F	NM_173089.2	100.000	15	0	0	1	15	790	776	9.1	28.3
RPLP0_F	NM_000070.3	100.000	15	0	0	1	15	2817	2803	9.1	28.3
RPLP0_F	NM_024344.2	100.000	15	0	0	1	15	2799	2785	9.1	28.3
RPLP0_F	NM_173090.2	100.000	15	0	0	1	15	808	794	9.1	28.3
RPLP0_F	NM_173087.2	100.000	15	0	0	1	15	2541	2527	9.1	28.3
RPLP0_F	XM_047433640.1	100.000	15	0	0	3	17	545	559	9.1	28.3
RPLP0_F	XM_047433641.1	100.000	15	0	0	3	17	563	577	9.1	28.3
RPLP0_F	XR_007061111.1	100.000	15	0	0	2	16	671	685	9.1	28.3
RPLP0_F	XR_007060370.1	100.000	15	0	0	1	15	6487	6473	9.1	28.3
RPLP0_F	NM_001305204.2	100.000	15	0	0	3	17	545	559	9.1	28.3
RPLP0_F	XM_054379641.1	100.000	15	0	0	3	17	555	569	9.1	28.3
RPLP0_F	XR_007079434.1	100.000	15	0	0	2	16	671	685	9.1	28.3
RPLP0_F	XM_047433639.1	100.000	15	0	0	3	17	555	569	9.1	28.3
RPLP0_F	XM_054379642.1	100.000	15	0	0	3	17	545	559	9.1	28.3
RPLP0_F	XR_007079435.1	100.000	15	0	0	2	16	12723	12737	9.1	28.3
RPLP0_F	XM_047436965.1	100.000	15	0	0	5	19	1076	1090	9.1	28.3
RPLP0_F	XM_054379643.1	100.000	15	0	0	3	17	563	577	9.1	28.3
RPLP0_F	XM_047436962.1	100.000	15	0	0	5	19	834	848	9.1	28.3
RPLP0_F	NM_173088.2	100.000	15	0	0	1	15	1168	1154	9.1	28.3
RPLP0_F	XM_047420178.1	94.118	17	1	0	2	18	845	861	32	27.4
RPLP0_F	XM_054357849.1	94.118	17	1	0	2	18	843	859	32	27.4
RPLP0_F	XM_047420177.1	94.118	17	1	0	2	18	843	859	32	27.4
RPLP0_F	XM_054357847.1	94.118	17	1	0	2	18	784	800	32	27.4
RPLP0_F	XM_054357856.1	94.118	17	1	0	2	18	478	494	32	27.4
RPLP0_F	XM_054357848.1	94.118	17	1	0	2	18	671	687	32	27.4
RPLP0_F	XM_054357853.1	94.118	17	1	0	2	18	784	800	32	27.4
RPLP0_F	XM_047420180.1	94.118	17	1	0	2	18	845	861	32	27.4
RPLP0_F	XM_054357854.1	94.118	17	1	0	2	18	845	861	32	27.4
RPLP0_F	XM_054357851.1	94.118	17	1	0	2	18	553	569	32	27.4
RPLP0_F	XM_054357840.1	94.118	17	1	0	2	18	843	859	32	27.4
RPLP0_F	XM_054357846.1	94.118	17	1	0	2	18	552	568	32	27.4
RPLP0_F	XM_054357842.1	94.118	17	1	0	2	18	724	740	32	27.4
RPLP0_F	NM_001447972.1	94.118	17	1	0	1	17	9475	9491	32	27.4
RPLP0_F	XM_054357855.1	94.118	17	1	0	2	18	581	597	32	27.4
RPLP0_F	XM_054357850.1	94.118	17	1	0	2	18	845	861	32	27.4
RPLP0_F	XM_054357844.1	94.118	17	1	0	2	18	706	722	32	27.4
RPLP0_F	XM_054357845.1	94.118	17	1	0	2	18	845	861	32	27.4
RPLP0_F	XM_017011956.3	94.118	17	1	0	2	18	843	859	32	27.4
RPLP0_F	XM_047420179.1	94.118	17	1	0	2	18	560	576	32	27.4
RPLP0_F	XM_047420181.1	94.118	17	1	0	2	18	581	597	32	27.4
RPLP0_F	XM_054357852.1	94.118	17	1	0	2	18	843	859	32	27.4
RPLP0_F	XM_017011958.3	94.118	17	1	0	2	18	478	494	32	27.4
RPLP0_F	XM_054343507.1	94.118	17	1	0	2	18	13438	13454	32	27.4
RPLP0_F	XM_054357841.1	94.118	17	1	0	2	18	904	920	32	27.4
RPLP0_F	XM_017011957.2	94.118	17	1	0	2	18	784	800	32	27.4
RPLP0_F	XM_054357843.1	94.118	17	1	0	2	18	674	690	32	27.4
# blastn
# Iteration: 0
# Query: RPLP0_R
# RID: BB04ERFB014
# Database: refseq_rna
# Fields: query acc.ver, subject acc.ver, % identity, alignment length, mismatches, gap opens, q. start, q. end, s. start, s. end, evalue, bit score
# 50 hits found
RPLP0_R	NM_053275.4	100.000	19	0	0	1	19	680	662	0.061	35.6
RPLP0_R	NM_001002.4	100.000	19	0	0	1	19	620	602	0.061	35.6
RPLP0_R	NR_002775.2	94.737	19	1	0	1	19	1298	1280	2.6	31.0
RPLP0_R	XM_054320472.1	94.444	18	1	0	2	19	1119	1136	9.1	29.2
RPLP0_R	XM_054320473.1	94.444	18	1	0	2	19	1139	1156	9.1	29.2
RPLP0_R	XM_011526702.2	94.444	18	1	0	2	19	1081	1098	9.1	29.2
RPLP0_R	XR_007079432.1	94.444	18	1	0	1	18	328	311	9.1	29.2
RPLP0_R	XR_001745153.1	94.444	18	1	0	1	18	1246	1229	9.1	29.2
RPLP0_R	NM_001077491.2	94.444	18	1	0	2	19	1135	1152	9.1	29.2
RPLP0_R	XR_007061107.1	94.444	18	1	0	1	18	328	311	9.1	29.2
RPLP0_R	XR_007079433.1	94.444	18	1	0	1	18	328	311	9.1	29.2
RPLP0_R	NM_001077492.2	94.444	18	1	0	2	19	1067	1084	9.1	29.2
RPLP0_R	NM_012427.5	94.444	18	1	0	2	19	1270	1287	9.1	29.2
RPLP0_R	XM_011526703.3	94.444	18	1	0	2	19	1149	1166	9.1	29.2
RPLP0_R	XM_054353060.1	100.000	15	0	0	4	18	1520	1506	9.1	28.3
RPLP0_R	XM_047417479.1	100.000	15	0	0	4	18	2046	2032	9.1	28.3
RPLP0_R	XM_054379852.1	94.118	17	1	0	1	17	1020	1036	32	27.4
RPLP0_R	NR_002728.4	94.118	17	1	0	2	18	66832	66816	32	27.4
RPLP0_R	XM_047433802.1	94.118	17	1	0	1	17	1020	1036	32	27.4
RPLP0_R	XR_007096208.1	94.118	17	1	0	1	17	3169	3153	32	27.4
RPLP0_R	XR_007064801.1	94.118	17	1	0	2	18	4554	4570	32	27.4
RPLP0_R	XM_054379851.1	94.118	17	1	0	1	17	3261	3277	32	27.4
RPLP0_R	XR_007074051.1	94.118	17	1	0	1	17	3165	3149	32	27.4
RPLP0_R	NM_015044.4	94.118	17	1	0	1	17	821	837	32	27.4
RPLP0_R	XR_007062085.1	94.118	17	1	0	2	18	140	124	32	27.4
RPLP0_R	XM_047433801.1	94.118	17	1	0	1	17	3267	3283	32	27.4
RPLP0_R	XM_054378575.1	100.000	14	0	0	3	16	1279	1266	32	26.5
RPLP0_R	XM_054357917.1	100.000	14	0	0	6	19	2667	2654	32	26.5
RPLP0_R	XM_047420206.1	100.000	14	0	0	6	19	10667	10654	32	26.5
RPLP0_R	XM_047420208.1	100.000	14	0	0	6	19	2853	2840	32	26.5
RPLP0_R	XM_047420207.1	100.000	14	0	0	6	19	2699	2686	32	26.5
RPLP0_R	XR_007077075.1	100.000	14	0	0	4	17	4719	4732	32	26.5
RPLP0_R	XM_054357916.1	100.000	14	0	0	6	19	2853	2840	32	26.5
RPLP0_R	XM_054357919.1	100.000	14	0	0	6	19	14374	14361	32	26.5
RPLP0_R	XM_047420209.1	100.000	14	0	0	6	19	2667	2654	32	26.5
RPLP0_R	XM_054365452.1	100.000	14	0	0	5	18	30	17	32	26.5
RPLP0_R	XR_007077080.1	100.000	14	0	0	4	17	5565	5578	32	26.5
RPLP0_R	XM_054357914.1	100.000	14	0	0	6	19	10668	10655	32	26.5
RPLP0_R	XM_054357913.1	100.000	14	0	0	6	19	2736	2723	32	26.5
RPLP0_R	XM_054357918.1	100.000	14	0	0	6	19	12508	12495	32	26.5
RPLP0_R	XM_054378577.1	100.000	14	0	0	3	16	1279	1266	32	26.5
RPLP0_R	XR_007077076.1	100.000	14	0	0	4	17	3813	3826	32	26.5
RPLP0_R	XM_054378572.1	100.000	14	0	0	3	16	1279	1266	32	26.5
RPLP0_R	XM_017011997.2	100.000	14	0	0	6	19	12508	12495	32	26.5
RPLP0_R	XM_054378576.1	100.000	14	0	0	3	16	1279	1266	32	26.5
RPLP0_R	XR_007077077.1	100.000	14	0	0	4	17	5820	5833	32	26.5
RPLP0_R	XR_008485268.1	100.000	14	0	0	5	18	10419	10432	32	26.5
RPLP0_R	XM_054357915.1	100.000	14	0	0	6	19	2699	2686	32	26.5
RPLP0_R	XM_054378574.1	100.000	14	0	0	3	16	1279	1266	32	26.5
RPLP0_R	XM_054378573.1	100.000	14	0	0	3	16	1279	1266	32	26.5
# blastn
# Iteration: 0
# Query: TBP_F
# RID: BB04ERFB014
# Database: refseq_rna
# Fields: query acc.ver, subject acc.ver, % identity, alignment length, mismatches, gap opens, q. start, q. end, s. start, s. end, evalue, bit score
# 50 hits found
TBP_F	NM_003194.5	100.000	19	0	0	1	19	784	802	0.061	35.6
TBP_F	NM_001172085.2	100.000	19	0	0	1	19	582	600	0.061	35.6
TBP_F	XR_007067915.1	89.474	19	2	0	1	19	3944	3926	32	26.5
TBP_F	XM_054368874.1	100.000	14	0	0	3	16	7720	7733	32	26.5
TBP_F	XM_054322612.1	100.000	14	0	0	1	14	848	861	32	26.5
TBP_F	XM_054368871.1	100.000	14	0	0	3	16	7632	7645	32	26.5
TBP_F	XM_054368879.1	100.000	14	0	0	3	16	6401	6414	32	26.5
TBP_F	XM_011542844.4	100.000	14	0	0	3	16	5899	5912	32	26.5
TBP_F	XM_047439681.1	100.000	14	0	0	1	14	829	842	32	26.5
TBP_F	NM_001321981.2	100.000	14	0	0	4	17	4339	4352	32	26.5
TBP_F	XM_054368873.1	100.000	14	0	0	3	16	6720	6733	32	26.5
TBP_F	NM_001017967.4	100.000	14	0	0	1	14	1789	1802	32	26.5
TBP_F	XM_054325978.1	100.000	14	0	0	4	17	4053	4040	32	26.5
TBP_F	XM_011542842.4	100.000	14	0	0	3	16	6313	6326	32	26.5
TBP_F	XM_054322613.1	100.000	14	0	0	1	14	829	842	32	26.5
TBP_F	XM_054325980.1	100.000	14	0	0	4	17	3478	3465	32	26.5
TBP_F	XM_054368877.1	100.000	14	0	0	3	16	6313	6326	32	26.5
TBP_F	XM_054325979.1	100.000	14	0	0	4	17	3689	3676	32	26.5
TBP_F	XR_007076904.1	100.000	14	0	0	3	16	6641	6628	32	26.5
TBP_F	XM_054325981.1	100.000	14	0	0	4	17	3699	3686	32	26.5
TBP_F	NM_001387562.1	100.000	14	0	0	4	17	4284	4297	32	26.5
TBP_F	XM_054325982.1	100.000	14	0	0	4	17	3164	3151	32	26.5
TBP_F	XM_054368872.1	100.000	14	0	0	3	16	7269	7282	32	26.5
TBP_F	XM_054368875.1	100.000	14	0	0	3	16	7543	7556	32	26.5
TBP_F	NM_001351834.2	100.000	14	0	0	3	16	6566	6579	32	26.5
TBP_F	XM_017017790.3	100.000	14	0	0	3	16	7296	7309	32	26.5
TBP_F	XR_007090240.1	89.474	19	2	0	1	19	3927	3909	32	26.5
TBP_F	NM_020880.5	100.000	14	0	0	4	17	4287	4300	32	26.5
TBP_F	XM_006718843.5	100.000	14	0	0	3	16	7428	7441	32	26.5
TBP_F	XM_047426975.1	100.000	14	0	0	3	16	7269	7282	32	26.5
TBP_F	XM_047426978.1	100.000	14	0	0	3	16	6401	6414	32	26.5
TBP_F	NM_001271329.2	100.000	14	0	0	1	14	1626	1639	32	26.5
TBP_F	XM_054368876.1	100.000	14	0	0	3	16	6808	6821	32	26.5
TBP_F	XM_011542843.3	100.000	14	0	0	3	16	6478	6491	32	26.5
TBP_F	XM_054368880.1	100.000	14	0	0	3	16	7468	7481	32	26.5
TBP_F	XM_054368882.1	100.000	14	0	0	3	16	5899	5912	32	26.5
TBP_F	NM_001387561.1	100.000	14	0	0	4	17	4336	4349	32	26.5
TBP_F	XM_011542840.4	100.000	14	0	0	3	16	7516	7529	32	26.5
TBP_F	XM_011527491.4	100.000	14	0	0	1	14	848	861	32	26.5
TBP_F	XM_047426977.1	100.000	14	0	0	3	16	7351	7364	32	26.5
TBP_F	XM_054325984.1	100.000	14	0	0	4	17	3703	3690	32	26.5
TBP_F	NM_000051.4	100.000	14	0	0	3	16	6478	6491	32	26.5
TBP_F	XM_054325985.1	100.000	14	0	0	4	17	3166	3153	32	26.5
TBP_F	XM_054368881.1	100.000	14	0	0	3	16	6478	6491	32	26.5
TBP_F	XM_005271562.6	100.000	14	0	0	3	16	6720	6733	32	26.5
TBP_F	XM_047426976.1	100.000	14	0	0	3	16	6808	6821	32	26.5
TBP_F	XR_942697.3	100.000	14	0	0	3	16	6646	6633	32	26.5
TBP_F	XM_054368883.1	100.000	14	0	0	3	16	2354	2367	32	26.5
TBP_F	XM_054368878.1	100.000	14	0	0	3	16	7556	7569	32	26.5
TBP_F	XM_047426979.1	100.000	14	0	0	3	16	7263	7276	32	26.5
# blastn
# Iteration: 0
# Query: TBP_R
# RID: BB04ERFB014
# Database: refseq_rna
# Fields: query acc.ver, subject acc.ver, % identity, alignment length, mismatches, gap opens, q. start, q. end, s. start, s. end, evalue, bit score
# 52 hits found
TBP_R	NM_003194.5	100.000	21	0	0	1	21	935	915	0.005	39.2
TBP_R	NM_001172085.2	100.000	21	0	0	1	21	733	713	0.005	39.2
TBP_R	XR_007076879.1	100.000	17	0	0	1	17	794	810	0.75	31.9
TBP_R	XR_942671.2	100.000	17	0	0	1	17	894	910	0.75	31.9
TBP_R	XR_942670.2	100.000	17	0	0	1	17	794	810	0.75	31.9
TBP_R	XR_007076880.1	100.000	17	0	0	1	17	894	910	0.75	31.9
TBP_R	XM_011514046.3	95.000	20	0	1	2	20	2345	2326	9.1	29.2
TBP_R	XM_005248306.5	95.000	20	0	1	2	20	2408	2389	9.1	29.2
TBP_R	XM_005248307.3	95.000	20	0	1	2	20	2398	2379	9.1	29.2
TBP_R	NM_012334.3	95.000	20	0	1	2	20	4701	4682	9.1	29.2
TBP_R	XM_054352666.1	95.000	20	0	1	2	20	8109	8090	9.1	29.2
TBP_R	XM_054352665.1	95.000	20	0	1	2	20	5922	5903	9.1	29.2
TBP_R	XM_054352664.1	95.000	20	0	1	2	20	11863	11844	9.1	29.2
TBP_R	XM_006714475.4	95.000	20	0	1	2	20	4632	4613	9.1	29.2
TBP_R	XM_054352663.1	95.000	20	0	1	2	20	4632	4613	9.1	29.2
TBP_R	XR_007089761.1	100.000	15	0	0	6	20	5282	5268	9.1	28.3
TBP_R	XR_007085758.1	100.000	15	0	0	5	19	21401	21387	9.1	28.3
TBP_R	XR_007070052.1	100.000	15	0	0	6	20	210	224	9.1	28.3
TBP_R	XR_007065710.1	100.000	15	0	0	6	20	210	224	9.1	28.3
TBP_R	XR_001754671.2	100.000	15	0	0	6	20	5269	5255	9.1	28.3
TBP_R	XR_007064736.1	100.000	15	0	0	5	19	21403	21389	9.1	28.3
TBP_R	XM_054350462.1	94.118	17	1	0	2	18	10929	10945	32	27.4
TBP_R	XM_054350464.1	94.118	17	1	0	2	18	10667	10683	32	27.4
TBP_R	XM_054319229.1	94.118	17	1	0	2	18	4301	4285	32	27.4
TBP_R	XM_054350465.1	94.118	17	1	0	2	18	10882	10898	32	27.4
TBP_R	XM_054350467.1	94.118	17	1	0	2	18	10926	10942	32	27.4
TBP_R	NM_001415974.1	94.118	17	1	0	2	18	10593	10609	32	27.4
TBP_R	NM_001415971.1	94.118	17	1	0	2	18	10596	10612	32	27.4
TBP_R	XM_054350463.1	94.118	17	1	0	2	18	10705	10721	32	27.4
TBP_R	NM_001415973.1	94.118	17	1	0	2	18	10493	10509	32	27.4
TBP_R	XM_054350473.1	94.118	17	1	0	2	18	10602	10618	32	27.4
TBP_R	XM_054350475.1	94.118	17	1	0	2	18	10148	10164	32	27.4
TBP_R	XM_054350474.1	94.118	17	1	0	2	18	9902	9918	32	27.4
TBP_R	NM_001415966.1	94.118	17	1	0	2	18	10211	10227	32	27.4
TBP_R	XM_054325888.1	94.118	17	1	0	1	17	494	478	32	27.4
TBP_R	NM_001415975.1	94.118	17	1	0	2	18	10490	10506	32	27.4
TBP_R	XM_054350469.1	94.118	17	1	0	2	18	10905	10921	32	27.4
TBP_R	XM_054350472.1	94.118	17	1	0	2	18	10650	10666	32	27.4
TBP_R	NM_001415960.1	94.118	17	1	0	2	18	9927	9943	32	27.4
TBP_R	XM_054319227.1	94.118	17	1	0	2	18	7580	7564	32	27.4
TBP_R	XM_054319227.1	100.000	12	0	0	7	18	379	368	386	22.9
TBP_R	NM_001415968.1	94.118	17	1	0	2	18	10511	10527	32	27.4
TBP_R	NM_001415967.1	94.118	17	1	0	2	18	10235	10251	32	27.4
TBP_R	NM_001415962.1	94.118	17	1	0	2	18	9897	9913	32	27.4
TBP_R	XM_054350471.1	94.118	17	1	0	2	18	10554	10570	32	27.4
TBP_R	XM_054319224.1	94.118	17	1	0	2	18	4566	4550	32	27.4
TBP_R	XM_054350466.1	94.118	17	1	0	2	18	10602	10618	32	27.4
TBP_R	XM_054319230.1	94.118	17	1	0	2	18	4307	4291	32	27.4
TBP_R	XR_008485584.1	94.118	17	1	0	3	19	471	455	32	27.4
TBP_R	XM_054319226.1	94.118	17	1	0	2	18	7733	7717	32	27.4
TBP_R	XM_054319226.1	100.000	12	0	0	7	18	379	368	386	22.9
TBP_R	XM_054350468.1	94.118	17	1	0	2	18	10908	10924	32	27.4
</PRE>

